0.146632, 0.382621, 0.000000
0.295322, 0.279551, 0.000000
0.135495, 0.235977, 0.000000
0.307766, 0.461409, 0.000000
0.368434, 0.279946, 0.000000
0.182525, 0.342303, 0.000000
0.141010, 0.134560, 0.000000
0.297767, 0.166795, 0.000000
0.191945, 0.086310, 0.000000
0.243307, 0.073407, 0.000000
0.174899, 0.256126, 0.000000
0.185580, 0.308185, 0.000000
0.243146, 0.400793, 0.000000
0.404130, 0.391799, 0.000000
0.251641, 0.195554, 0.000000
0.327882, 0.404033, 0.000000
0.180606, 0.376738, 0.000000
0.265198, 0.091707, 0.000000
0.211979, 0.248061, 0.000000
0.215325, 0.455985, 0.000000
0.329668, 0.273194, 0.000000
0.302530, 0.106947, 0.000000
0.407621, 0.326568, 0.000000
0.407804, 0.128174, 0.000000
0.289165, 0.461491, 0.000000
0.325706, 0.081817, 0.000000
0.216731, 0.446883, 0.000000
0.423334, 0.279727, 0.000000
0.343144, 0.257897, 0.000000
0.176397, 0.158283, 0.000000
0.299062, 0.200135, 0.000000
0.289645, 0.407822, 0.000000
0.449693, 0.235220, 0.000000
0.295330, 0.078410, 0.000000
0.219113, 0.298015, 0.000000
0.335401, 0.290648, 0.000000
0.269424, 0.245465, 0.000000
0.314361, 0.296768, 0.000000
0.179690, 0.314099, 0.000000
0.239999, 0.083061, 0.000000
0.334842, 0.291393, 0.000000
0.168135, 0.294529, 0.000000
0.231795, 0.429789, 0.000000
0.287082, 0.184027, 0.000000
0.296609, 0.102401, 0.000000
0.195175, 0.339233, 0.000000
0.194749, 0.342434, 0.000000
0.396999, 0.304188, 0.000000
0.211573, 0.260116, 0.000000
0.413749, 0.228344, 0.000000
0.232596, 0.282594, 0.000000
0.205474, 0.133616, 0.000000
0.210587, 0.311494, 0.000000
0.337911, 0.217581, 0.000000
0.366395, 0.175394, 0.000000
0.129590, 0.367547, 0.000000
0.214953, 0.108785, 0.000000
0.152480, 0.135394, 0.000000
0.289695, 0.189912, 0.000000
0.152819, 0.193425, 0.000000
0.395768, 0.226394, 0.000000
0.418943, 0.168470, 0.000000
0.211602, 0.208836, 0.000000
0.222180, 0.289676, 0.000000
0.446933, 0.304949, 0.000000
0.192586, 0.360084, 0.000000
0.196631, 0.316709, 0.000000
0.326099, 0.245397, 0.000000
0.204196, 0.386099, 0.000000
0.420069, 0.299013, 0.000000
0.385833, 0.320991, 0.000000
0.264781, 0.360703, 0.000000
0.283081, 0.281227, 0.000000
0.463712, 0.254698, 0.000000
0.214722, 0.204861, 0.000000
0.449092, 0.346023, 0.000000
0.272455, 0.373916, 0.000000
0.216627, 0.181002, 0.000000
0.144036, 0.222788, 0.000000
0.122039, 0.352375, 0.000000
0.428867, 0.183979, 0.000000
0.210696, 0.345231, 0.000000
0.461449, 0.228204, 0.000000
0.375443, 0.261202, 0.000000
0.328687, 0.246925, 0.000000
0.421730, 0.326216, 0.000000
0.240279, 0.452604, 0.000000
0.265735, 0.144311, 0.000000
0.187929, 0.292638, 0.000000
0.280764, 0.449338, 0.000000
0.137343, 0.121827, 0.000000
0.267599, 0.072740, 0.000000
0.463315, 0.259746, 0.000000
0.252522, 0.317996, 0.000000
0.354362, 0.361582, 0.000000
0.364626, 0.191061, 0.000000
0.243691, 0.412775, 0.000000
0.108872, 0.371410, 0.000000
0.166484, 0.295469, 0.000000
0.167052, 0.262993, 0.000000
0.146014, 0.247580, 0.000000
0.369300, 0.213687, 0.000000
0.265657, 0.310787, 0.000000
0.229144, 0.319366, 0.000000
0.148102, 0.151936, 0.000000
0.217342, 0.342588, 0.000000
0.086150, 0.215844, 0.000000
0.258089, 0.232964, 0.000000
0.146812, 0.243384, 0.000000
0.216983, 0.300003, 0.000000
0.182461, 0.185341, 0.000000
0.335106, 0.327544, 0.000000
0.188130, 0.119552, 0.000000
0.260407, 0.258363, 0.000000
0.415946, 0.231096, 0.000000
0.331681, 0.112938, 0.000000
0.296001, 0.154872, 0.000000
0.134739, 0.250040, 0.000000
0.275065, 0.326373, 0.000000
0.386385, 0.163714, 0.000000
0.339188, 0.257774, 0.000000
0.391926, 0.200192, 0.000000
0.359140, 0.098200, 0.000000
0.453582, 0.309724, 0.000000
0.385830, 0.229714, 0.000000
0.327195, 0.214179, 0.000000
0.368543, 0.427714, 0.000000
0.384340, 0.328015, 0.000000
0.363079, 0.291173, 0.000000
0.308019, 0.239590, 0.000000
0.178065, 0.099119, 0.000000
0.377011, 0.265254, 0.000000
0.167688, 0.361689, 0.000000
0.227329, 0.340415, 0.000000
0.227375, 0.235290, 0.000000
0.274419, 0.372968, 0.000000
0.149852, 0.299398, 0.000000
0.398406, 0.413174, 0.000000
0.168119, 0.203231, 0.000000
0.392722, 0.266095, 0.000000
0.156411, 0.137438, 0.000000
0.418763, 0.140509, 0.000000
0.181145, 0.410249, 0.000000
0.269212, 0.316656, 0.000000
0.287551, 0.123685, 0.000000
0.320263, 0.309332, 0.000000
0.366531, 0.125801, 0.000000
0.106355, 0.383445, 0.000000
0.236100, 0.196111, 0.000000
0.418755, 0.373211, 0.000000
0.274751, 0.418910, 0.000000
0.439694, 0.333337, 0.000000
0.201060, 0.284810, 0.000000
0.347825, 0.164874, 0.000000
0.180961, 0.325867, 0.000000
0.174795, 0.402368, 0.000000
0.137803, 0.361333, 0.000000
0.408511, 0.333459, 0.000000
0.242724, 0.106780, 0.000000
0.211677, 0.304020, 0.000000
0.377987, 0.287866, 0.000000
0.214641, 0.225622, 0.000000
0.420792, 0.226207, 0.000000
0.449787, 0.300634, 0.000000
0.140972, 0.247419, 0.000000
0.353345, 0.277132, 0.000000
0.138301, 0.397943, 0.000000
0.315463, 0.295653, 0.000000
0.260699, 0.329634, 0.000000
0.298388, 0.226443, 0.000000
0.288638, 0.118665, 0.000000
0.291059, 0.341096, 0.000000
0.181641, 0.384565, 0.000000
0.422177, 0.190133, 0.000000
0.118894, 0.384950, 0.000000
0.432369, 0.253467, 0.000000
0.145914, 0.265860, 0.000000
0.258395, 0.387199, 0.000000
0.238438, 0.429371, 0.000000
0.303439, 0.324486, 0.000000
0.463660, 0.271446, 0.000000
0.403217, 0.343274, 0.000000
0.432558, 0.231104, 0.000000
0.162308, 0.233120, 0.000000
0.251093, 0.410152, 0.000000
0.388632, 0.267727, 0.000000
0.337914, 0.179184, 0.000000
0.197990, 0.380978, 0.000000
0.460839, 0.256764, 0.000000
0.317801, 0.076848, 0.000000
0.287372, 0.363449, 0.000000
0.214138, 0.451467, 0.000000
0.291418, 0.128299, 0.000000
0.199811, 0.299730, 0.000000
0.411381, 0.375199, 0.000000
0.364839, 0.316967, 0.000000
0.206992, 0.239398, 0.000000
0.380892, 0.370637, 0.000000
0.116470, 0.388090, 0.000000
0.167131, 0.277090, 0.000000
0.132527, 0.353814, 0.000000
0.220865, 0.092664, 0.000000
0.361567, 0.195453, 0.000000
0.180365, 0.183908, 0.000000
0.408932, 0.388061, 0.000000
0.196500, 0.315635, 0.000000
0.121925, 0.277897, 0.000000
0.386850, 0.317383, 0.000000
0.308323, 0.455242, 0.000000
0.363502, 0.417460, 0.000000
0.257247, 0.199304, 0.000000
0.087961, 0.289945, 0.000000
0.254838, 0.309492, 0.000000
0.326856, 0.381129, 0.000000
0.088421, 0.297034, 0.000000
0.122221, 0.358683, 0.000000
0.376782, 0.174470, 0.000000
0.261732, 0.253185, 0.000000
0.341300, 0.417823, 0.000000
0.219278, 0.324692, 0.000000
0.227297, 0.454768, 0.000000
0.417489, 0.231155, 0.000000
0.337696, 0.194337, 0.000000
0.341410, 0.440942, 0.000000
0.220282, 0.371066, 0.000000
0.184473, 0.369464, 0.000000
0.242611, 0.097282, 0.000000
0.294381, 0.117200, 0.000000
0.282018, 0.150281, 0.000000
0.316755, 0.210529, 0.000000
0.134456, 0.311127, 0.000000
0.109048, 0.268470, 0.000000
0.137640, 0.358653, 0.000000
0.162473, 0.413558, 0.000000
0.301351, 0.232427, 0.000000
0.231579, 0.326447, 0.000000
0.321717, 0.226600, 0.000000
0.429439, 0.379470, 0.000000
0.165064, 0.377740, 0.000000
0.197970, 0.426590, 0.000000
0.123457, 0.280235, 0.000000
0.335836, 0.134752, 0.000000
0.272349, 0.227808, 0.000000
0.449864, 0.317309, 0.000000
0.204247, 0.276316, 0.000000
0.330340, 0.355397, 0.000000
0.381342, 0.405968, 0.000000
0.252250, 0.216206, 0.000000
0.244828, 0.157320, 0.000000
0.334624, 0.110165, 0.000000
0.369939, 0.434855, 0.000000
0.218777, 0.336655, 0.000000
0.354243, 0.151699, 0.000000
0.199446, 0.201202, 0.000000
0.207185, 0.388407, 0.000000
0.249104, 0.128845, 0.000000
0.248800, 0.079991, 0.000000
0.072998, 0.258982, 0.000000
0.771100, 0.193558, 9.000000
0.173932, 0.206941, 0.000000
0.237412, 0.089594, 0.000000
0.074815, 0.275882, 0.000000
0.307813, 0.444617, 0.000000
0.256919, 0.286461, 0.000000
0.254918, 0.124764, 0.000000
0.399571, 0.212506, 0.000000
0.129328, 0.175982, 0.000000
0.231326, 0.133310, 0.000000
0.080592, 0.243063, 0.000000
0.357426, 0.239478, 0.000000
0.251343, 0.330417, 0.000000
0.242069, 0.281929, 0.000000
0.182859, 0.214481, 0.000000
0.196074, 0.199958, 0.000000
0.301091, 0.074947, 0.000000
0.322010, 0.395329, 0.000000
0.552814, 0.308554, 5.000000
0.456271, 0.224191, 0.000000
0.263409, 0.384942, 0.000000
0.196246, 0.255146, 0.000000
0.187934, 0.186228, 0.000000
0.238463, 0.279913, 0.000000
0.084140, 0.295194, 0.000000
0.369375, 0.275405, 0.000000
0.311889, 0.176116, 0.000000
0.295220, 0.158917, 0.000000
0.224937, 0.123207, 0.000000
0.281204, 0.267706, 0.000000
0.321440, 0.284874, 0.000000
0.373702, 0.418006, 0.000000
0.232308, 0.457680, 0.000000
0.395541, 0.371794, 0.000000
0.140266, 0.114921, 0.000000
0.286012, 0.141997, 0.000000
0.393119, 0.115990, 0.000000
0.254077, 0.227198, 0.000000
0.178442, 0.381556, 0.000000
0.397029, 0.151768, 0.000000
0.439906, 0.285308, 0.000000
0.118253, 0.215917, 0.000000
0.247431, 0.458504, 0.000000
0.308015, 0.072516, 0.000000
0.216027, 0.275533, 0.000000
0.186783, 0.308266, 0.000000
0.191179, 0.295803, 0.000000
0.407662, 0.298332, 0.000000
0.095734, 0.208046, 0.000000
0.417433, 0.392227, 0.000000
0.465888, 0.251478, 0.000000
0.204662, 0.230941, 0.000000
0.352497, 0.242386, 0.000000
0.235876, 0.423471, 0.000000
0.184754, 0.416442, 0.000000
0.215379, 0.307852, 0.000000
0.398948, 0.365917, 0.000000
0.161555, 0.262475, 0.000000
0.432763, 0.292521, 0.000000
0.255403, 0.362040, 0.000000
0.187278, 0.445329, 0.000000
0.223707, 0.218562, 0.000000
0.196063, 0.302083, 0.000000
0.330618, 0.273970, 0.000000
0.306419, 0.140805, 0.000000
0.183084, 0.337236, 0.000000
0.419260, 0.251133, 0.000000
0.255882, 0.391028, 0.000000
0.252990, 0.194314, 0.000000
0.122300, 0.342462, 0.000000
0.234214, 0.149851, 0.000000
0.395758, 0.123648, 0.000000
0.235214, 0.454998, 0.000000
0.152181, 0.220963, 0.000000
0.372959, 0.279730, 0.000000
0.370508, 0.227193, 0.000000
0.160477, 0.114561, 0.000000
0.325704, 0.130767, 0.000000
0.439714, 0.312468, 0.000000
0.437244, 0.323287, 0.000000
0.335105, 0.390821, 0.000000
0.106466, 0.194099, 0.000000
0.464673, 0.257537, 0.000000
0.273275, 0.460281, 0.000000
0.316674, 0.433387, 0.000000
0.334876, 0.319394, 0.000000
0.386221, 0.270164, 0.000000
0.133791, 0.361070, 0.000000
0.257866, 0.315963, 0.000000
0.380922, 0.426509, 0.000000
0.127833, 0.202095, 0.000000
0.137362, 0.415498, 0.000000
0.148542, 0.357542, 0.000000
0.380157, 0.371797, 0.000000
0.205465, 0.100782, 0.000000
0.271908, 0.164943, 0.000000
0.412139, 0.224449, 0.000000
0.149146, 0.410377, 0.000000
0.122053, 0.334720, 0.000000
0.091168, 0.264345, 0.000000
0.313428, 0.100131, 0.000000
0.096055, 0.212596, 0.000000
0.429521, 0.288654, 0.000000
0.374157, 0.255135, 0.000000
0.375796, 0.302925, 0.000000
0.373598, 0.229535, 0.000000
0.388907, 0.285846, 0.000000
0.360245, 0.399575, 0.000000
0.280834, 0.784355, 6.000000
0.303846, 0.140050, 0.000000
0.126429, 0.133071, 0.000000
0.289249, 0.079946, 0.000000
0.229817, 0.294799, 0.000000
0.211209, 0.094038, 0.000000
0.297118, 0.072410, 0.000000
0.901711, 0.824168, 4.000000
0.318771, 0.161932, 0.000000
0.446526, 0.344662, 0.000000
0.201870, 0.446480, 0.000000
0.105962, 0.382735, 0.000000
0.281112, 0.140863, 0.000000
0.253657, 0.363267, 0.000000
0.224364, 0.127012, 0.000000
0.299115, 0.103233, 0.000000
0.161860, 0.329738, 0.000000
0.230915, 0.369416, 0.000000
0.107607, 0.182334, 0.000000
0.228041, 0.307138, 0.000000
0.223356, 0.106443, 0.000000
0.164382, 0.234667, 0.000000
0.432393, 0.220624, 0.000000
0.171191, 0.116282, 0.000000
0.431947, 0.206024, 0.000000
0.269699, 0.189941, 0.000000
0.293714, 0.407782, 0.000000
0.431213, 0.298262, 0.000000
0.133343, 0.264662, 0.000000
0.176464, 0.399653, 0.000000
0.322183, 0.364917, 0.000000
0.375563, 0.237293, 0.000000
0.150176, 0.160672, 0.000000
0.284478, 0.079119, 0.000000
0.303116, 0.381962, 0.000000
0.436143, 0.162299, 0.000000
0.292187, 0.247790, 0.000000
0.225368, 0.187281, 0.000000
0.262454, 0.336421, 0.000000
0.328411, 0.334357, 0.000000
0.424308, 0.317340, 0.000000
0.236922, 0.333616, 0.000000
0.267007, 0.165660, 0.000000
0.901962, 0.341570, 8.000000
0.211783, 0.302093, 0.000000
0.189200, 0.149469, 0.000000
0.411555, 0.138550, 0.000000
0.361385, 0.369699, 0.000000
0.230168, 0.430508, 0.000000
0.218175, 0.082372, 0.000000
0.357920, 0.113785, 0.000000
0.429111, 0.172542, 0.000000
0.112946, 0.240749, 0.000000
0.200849, 0.448805, 0.000000
0.083058, 0.315383, 0.000000
0.189897, 0.108970, 0.000000
0.224709, 0.188580, 0.000000
0.250763, 0.246737, 0.000000
0.184383, 0.437409, 0.000000
0.357828, 0.377483, 0.000000
0.436995, 0.331530, 0.000000
0.304232, 0.256147, 0.000000
0.074112, 0.228058, 0.000000
0.192379, 0.363919, 0.000000
0.163695, 0.392012, 0.000000
0.461374, 0.304350, 0.000000
0.331314, 0.284293, 0.000000
0.336152, 0.152458, 0.000000
0.393708, 0.206514, 0.000000
0.097089, 0.210394, 0.000000
0.413884, 0.309950, 0.000000
0.164328, 0.191051, 0.000000
0.234745, 0.142150, 0.000000
0.378364, 0.252035, 0.000000
0.090419, 0.202038, 0.000000
0.413854, 0.170971, 0.000000
0.132108, 0.331668, 0.000000
0.331115, 0.259582, 0.000000
0.212412, 0.269749, 0.000000
0.409686, 0.171421, 0.000000
0.155150, 0.267763, 0.000000
0.292317, 0.336520, 0.000000
0.337633, 0.183639, 0.000000
0.335379, 0.170619, 0.000000
0.381375, 0.103033, 0.000000
0.305175, 0.206524, 0.000000
0.370299, 0.209472, 0.000000
0.206479, 0.118343, 0.000000
0.129387, 0.225030, 0.000000
0.273588, 0.318589, 0.000000
0.155687, 0.195327, 0.000000
0.213015, 0.365797, 0.000000
0.264680, 0.307053, 0.000000
0.286328, 0.109358, 0.000000
0.232347, 0.084774, 0.000000
0.104510, 0.168391, 0.000000
0.303688, 0.266324, 0.000000
0.340929, 0.111428, 0.000000
0.338860, 0.318263, 0.000000
0.236257, 0.135589, 0.000000
0.333575, 0.229429, 0.000000
0.370172, 0.227972, 0.000000
0.217387, 0.192321, 0.000000
0.342004, 0.123975, 0.000000
0.170796, 0.353281, 0.000000
0.379655, 0.162638, 0.000000
0.285941, 0.308734, 0.000000
0.216505, 0.338897, 0.000000
0.248900, 0.108987, 0.000000
0.163119, 0.096839, 0.000000
0.204276, 0.431679, 0.000000
0.308025, 0.266762, 0.000000
0.178932, 0.162808, 0.000000
0.319145, 0.111211, 0.000000
0.138821, 0.250528, 0.000000
0.440059, 0.222753, 0.000000
0.285565, 0.214107, 0.000000
0.322232, 0.346362, 0.000000
0.197990, 0.138541, 0.000000
0.278610, 0.462230, 0.000000
0.094107, 0.195741, 0.000000
0.127433, 0.333461, 0.000000
0.161966, 0.342265, 0.000000
0.297179, 0.319421, 0.000000
0.232184, 0.438870, 0.000000
0.346503, 0.091546, 0.000000
0.357177, 0.292502, 0.000000
0.344312, 0.122180, 0.000000
0.267996, 0.302851, 0.000000
0.295056, 0.184549, 0.000000
0.409622, 0.251272, 0.000000
0.407803, 0.393420, 0.000000
0.395537, 0.372692, 0.000000
0.249185, 0.138200, 0.000000
0.369537, 0.124496, 0.000000
0.155800, 0.255882, 0.000000
0.232459, 0.356556, 0.000000
0.200772, 0.352836, 0.000000
0.370161, 0.418627, 0.000000
0.342305, 0.199663, 0.000000
0.330377, 0.099807, 0.000000
0.280546, 0.333223, 0.000000
0.246630, 0.352914, 0.000000
0.184111, 0.276278, 0.000000
0.165083, 0.317151, 0.000000
0.370133, 0.336151, 0.000000
0.342414, 0.101464, 0.000000
0.345261, 0.132980, 0.000000
0.401713, 0.156035, 0.000000
0.332074, 0.270394, 0.000000
0.189157, 0.197302, 0.000000
0.165469, 0.400440, 0.000000
0.350242, 0.192352, 0.000000
0.288474, 0.178208, 0.000000
0.362001, 0.429137, 0.000000
0.323926, 0.257189, 0.000000
0.099031, 0.192027, 0.000000
0.111512, 0.238339, 0.000000
0.342655, 0.423523, 0.000000
0.210148, 0.385323, 0.000000
0.291537, 0.084567, 0.000000
0.444351, 0.353852, 0.000000
0.196671, 0.342532, 0.000000
0.376222, 0.406521, 0.000000
0.418283, 0.325622, 0.000000
0.397718, 0.177583, 0.000000
0.344179, 0.138461, 0.000000
0.226636, 0.409059, 0.000000
0.361322, 0.276057, 0.000000
0.406197, 0.291799, 0.000000
0.214192, 0.087174, 0.000000
0.455533, 0.215991, 0.000000
0.111212, 0.278641, 0.000000
0.422026, 0.255998, 0.000000
0.334054, 0.361972, 0.000000
0.435486, 0.231204, 0.000000
0.386568, 0.355267, 0.000000
0.154990, 0.257942, 0.000000
0.370378, 0.112664, 0.000000
0.126466, 0.332446, 0.000000
0.238743, 0.184724, 0.000000
0.291555, 0.346614, 0.000000
0.090438, 0.277144, 0.000000
0.175426, 0.280171, 0.000000
0.242085, 0.377358, 0.000000
0.347401, 0.441844, 0.000000
0.414823, 0.214959, 0.000000
0.433962, 0.360086, 0.000000
0.300528, 0.397193, 0.000000
0.355935, 0.165683, 0.000000
0.365357, 0.161704, 0.000000
0.307257, 0.377644, 0.000000
0.405678, 0.306527, 0.000000
0.290904, 0.419702, 0.000000
0.357100, 0.336663, 0.000000
0.409440, 0.397436, 0.000000
0.261662, 0.452359, 0.000000
0.125381, 0.153940, 0.000000
0.394539, 0.376230, 0.000000
0.321021, 0.106127, 0.000000
0.344297, 0.115906, 0.000000
0.128460, 0.303990, 0.000000
0.415243, 0.188494, 0.000000
0.209850, 0.086986, 0.000000
0.234502, 0.404502, 0.000000
0.219463, 0.376252, 0.000000
0.247231, 0.430881, 0.000000
0.223557, 0.244443, 0.000000
0.283952, 0.258233, 0.000000
0.300187, 0.215929, 0.000000
0.395877, 0.302005, 0.000000
0.359615, 0.185262, 0.000000
0.447411, 0.283725, 0.000000
0.415800, 0.326124, 0.000000
0.370542, 0.430941, 0.000000
0.328552, 0.409963, 0.000000
0.247786, 0.262807, 0.000000
0.230958, 0.110152, 0.000000
0.373614, 0.375468, 0.000000
0.441102, 0.264693, 0.000000
0.333980, 0.334117, 0.000000
0.355363, 0.419534, 0.000000
0.341310, 0.371448, 0.000000
0.200210, 0.451389, 0.000000
0.213331, 0.280074, 0.000000
0.253611, 0.262080, 0.000000
0.212242, 0.105673, 0.000000
0.231549, 0.075783, 0.000000
0.247585, 0.099319, 0.000000
0.189069, 0.361546, 0.000000
0.354739, 0.434773, 0.000000
0.248906, 0.238548, 0.000000
0.234647, 0.091664, 0.000000
0.106194, 0.264879, 0.000000
0.130127, 0.246660, 0.000000
0.215901, 0.413720, 0.000000
0.311042, 0.336078, 0.000000
0.251831, 0.396485, 0.000000
0.305773, 0.272919, 0.000000
0.246453, 0.132258, 0.000000
0.452193, 0.308406, 0.000000
0.163827, 0.212219, 0.000000
0.253318, 0.384267, 0.000000
0.134800, 0.391019, 0.000000
0.465005, 0.268654, 0.000000
0.326599, 0.100617, 0.000000
0.411936, 0.247254, 0.000000
0.409699, 0.326830, 0.000000
0.278685, 0.436241, 0.000000
0.227898, 0.427814, 0.000000
0.323620, 0.257563, 0.000000
0.263202, 0.459867, 0.000000
0.266621, 0.268383, 0.000000
0.376154, 0.363134, 0.000000
0.155172, 0.215765, 0.000000
0.083301, 0.269857, 0.000000
0.292294, 0.195236, 0.000000
0.139667, 0.251892, 0.000000
0.346677, 0.280474, 0.000000
0.112865, 0.279641, 0.000000
0.086070, 0.279804, 0.000000
0.102307, 0.182934, 0.000000
0.431218, 0.233357, 0.000000
0.155055, 0.392186, 0.000000
0.213179, 0.346434, 0.000000
0.269392, 0.374812, 0.000000
0.166489, 0.283576, 0.000000
0.180672, 0.309338, 0.000000
0.412541, 0.243302, 0.000000
0.435012, 0.231203, 0.000000
0.381395, 0.299111, 0.000000
0.306189, 0.355692, 0.000000
0.194234, 0.139431, 0.000000
0.222552, 0.352018, 0.000000
0.389894, 0.289589, 0.000000
0.106363, 0.369786, 0.000000
0.144153, 0.109914, 0.000000
0.281716, 0.204584, 0.000000
0.305874, 0.454655, 0.000000
0.315792, 0.429607, 0.000000
0.312773, 0.163388, 0.000000
0.224939, 0.276299, 0.000000
0.134863, 0.202148, 0.000000
0.096055, 0.197376, 0.000000
0.088316, 0.353071, 0.000000
0.283358, 0.270223, 0.000000
0.267875, 0.378275, 0.000000
0.251782, 0.154798, 0.000000
0.352445, 0.111092, 0.000000
0.153318, 0.327805, 0.000000
0.409009, 0.345465, 0.000000
0.385628, 0.257255, 0.000000
0.240851, 0.112327, 0.000000
0.392017, 0.114243, 0.000000
0.241561, 0.254877, 0.000000
0.142940, 0.130091, 0.000000
0.201116, 0.249738, 0.000000
0.098388, 0.167074, 0.000000
0.151588, 0.107855, 0.000000
0.372073, 0.179889, 0.000000
0.320731, 0.307032, 0.000000
0.191229, 0.177812, 0.000000
0.144872, 0.242187, 0.000000
0.094159, 0.177902, 0.000000
0.316434, 0.251259, 0.000000
0.436831, 0.322301, 0.000000
0.255873, 0.367476, 0.000000
0.119883, 0.325054, 0.000000
0.457562, 0.220232, 0.000000
0.226729, 0.258996, 0.000000
0.102206, 0.169875, 0.000000
0.358717, 0.197927, 0.000000
0.267383, 0.339083, 0.000000
0.198255, 0.282844, 0.000000
0.413558, 0.338598, 0.000000
0.198301, 0.346517, 0.000000
0.117062, 0.394332, 0.000000
0.261236, 0.067251, 0.000000
0.241856, 0.316741, 0.000000
0.316408, 0.192061, 0.000000
0.147645, 0.244601, 0.000000
0.098577, 0.249118, 0.000000
0.120404, 0.364367, 0.000000
0.257925, 0.372799, 0.000000
0.386144, 0.173834, 0.000000
0.174523, 0.214736, 0.000000
0.324179, 0.145897, 0.000000
0.213449, 0.138525, 0.000000
0.227088, 0.405116, 0.000000
0.391311, 0.177964, 0.000000
0.080313, 0.225709, 0.000000
0.247812, 0.150768, 0.000000
0.091612, 0.359199, 0.000000
0.093526, 0.212917, 0.000000
0.181596, 0.108581, 0.000000
0.204806, 0.232533, 0.000000
0.376275, 0.197806, 0.000000
0.345164, 0.130022, 0.000000
0.326559, 0.259475, 0.000000
0.098171, 0.261251, 0.000000
0.249470, 0.169394, 0.000000
0.378932, 0.102305, 0.000000
0.237070, 0.393577, 0.000000
0.237319, 0.451911, 0.000000
0.216239, 0.349365, 0.000000
0.087365, 0.180224, 0.000000
0.224880, 0.313399, 0.000000
0.296098, 0.316780, 0.000000
0.349749, 0.132469, 0.000000
0.262231, 0.341898, 0.000000
0.272109, 0.269220, 0.000000
0.265339, 0.405383, 0.000000
0.368021, 0.214721, 0.000000
0.285877, 0.399427, 0.000000
0.240906, 0.440993, 0.000000
0.143432, 0.203767, 0.000000
0.247229, 0.825578, 6.000000
0.363540, 0.337800, 0.000000
0.210022, 0.446405, 0.000000
0.240343, 0.074089, 0.000000
0.392759, 0.389908, 0.000000
0.273733, 0.335074, 0.000000
0.178128, 0.348110, 0.000000
0.165419, 0.284384, 0.000000
0.267056, 0.086044, 0.000000
0.321564, 0.396224, 0.000000
0.257211, 0.134969, 0.000000
0.358335, 0.102155, 0.000000
0.149978, 0.171165, 0.000000
0.236760, 0.260746, 0.000000
0.227162, 0.242462, 0.000000
0.439541, 0.299969, 0.000000
0.267240, 0.308857, 0.000000
0.217390, 0.345274, 0.000000
0.148961, 0.423627, 0.000000
0.274008, 0.181886, 0.000000
0.402638, 0.271376, 0.000000
0.456928, 0.309330, 0.000000
0.155492, 0.403028, 0.000000
0.175013, 0.325403, 0.000000
0.425975, 0.296642, 0.000000
0.338214, 0.117641, 0.000000
0.233134, 0.096258, 0.000000
0.395126, 0.349636, 0.000000
0.349854, 0.175339, 0.000000
0.130677, 0.334274, 0.000000
0.355344, 0.314552, 0.000000
0.157770, 0.198421, 0.000000
0.406912, 0.130962, 0.000000
0.247870, 0.284774, 0.000000
0.354257, 0.406599, 0.000000
0.074679, 0.224122, 0.000000
0.245739, 0.422721, 0.000000
0.148203, 0.221031, 0.000000
0.117498, 0.256149, 0.000000
0.143777, 0.223770, 0.000000
0.128546, 0.396314, 0.000000
0.427231, 0.311429, 0.000000
0.207635, 0.158906, 0.000000
0.239751, 0.101231, 0.000000
0.363419, 0.135801, 0.000000
0.150540, 0.136890, 0.000000
0.324398, 0.350792, 0.000000
0.271026, 0.165181, 0.000000
0.300984, 0.426697, 0.000000
0.074902, 0.228076, 0.000000
0.237048, 0.405052, 0.000000
0.307328, 0.370990, 0.000000
0.086724, 0.310898, 0.000000
0.300140, 0.457566, 0.000000
0.283526, 0.310206, 0.000000
0.124542, 0.187371, 0.000000
0.284006, 0.068083, 0.000000
0.399501, 0.392016, 0.000000
0.329554, 0.396199, 0.000000
0.179596, 0.189491, 0.000000
0.373374, 0.360906, 0.000000
0.384858, 0.254044, 0.000000
0.152277, 0.411763, 0.000000
0.070749, 0.233966, 0.000000
0.259212, 0.243622, 0.000000
0.227140, 0.357968, 0.000000
0.312068, 0.295336, 0.000000
0.181751, 0.323570, 0.000000
0.452284, 0.198864, 0.000000
0.431200, 0.357398, 0.000000
0.212780, 0.327103, 0.000000
0.312307, 0.144613, 0.000000
0.076922, 0.225309, 0.000000
0.202346, 0.360364, 0.000000
0.368825, 0.344128, 0.000000
0.314554, 0.226930, 0.000000
0.237661, 0.397611, 0.000000
0.227967, 0.093878, 0.000000
0.308700, 0.113227, 0.000000
0.242718, 0.210831, 0.000000
0.081198, 0.257284, 0.000000
0.323273, 0.078517, 0.000000
0.331448, 0.171650, 0.000000
0.208206, 0.283689, 0.000000
0.400031, 0.278723, 0.000000
0.348510, 0.084637, 0.000000
0.341053, 0.090478, 0.000000
0.248633, 0.113946, 0.000000
0.274154, 0.219012, 0.000000
0.281593, 0.104774, 0.000000
0.199562, 0.309533, 0.000000
0.425740, 0.219046, 0.000000
0.158908, 0.203584, 0.000000
0.220568, 0.406369, 0.000000
0.365926, 0.243837, 0.000000
0.318998, 0.270216, 0.000000
0.509350, 0.624502, 7.000000
0.155395, 0.109369, 0.000000
0.204887, 0.402642, 0.000000
0.307298, 0.389683, 0.000000
0.293392, 0.147338, 0.000000
0.299924, 0.128013, 0.000000
0.319172, 0.077215, 0.000000
0.117059, 0.392263, 0.000000
0.189614, 0.118996, 0.000000
0.239069, 0.370457, 0.000000
0.318323, 0.437850, 0.000000
0.162500, 0.404434, 0.000000
0.118185, 0.297797, 0.000000
0.252536, 0.272820, 0.000000
0.292014, 0.112640, 0.000000
0.226226, 0.198205, 0.000000
0.419161, 0.250125, 0.000000
0.237894, 0.198668, 0.000000
0.119323, 0.223001, 0.000000
0.331075, 0.298571, 0.000000
0.184080, 0.212085, 0.000000
0.170430, 0.273192, 0.000000
0.311110, 0.139587, 0.000000
0.353927, 0.417399, 0.000000
0.346320, 0.429821, 0.000000
0.328859, 0.409828, 0.000000
0.319723, 0.248096, 0.000000
0.352768, 0.344330, 0.000000
0.401325, 0.357548, 0.000000
0.155661, 0.121345, 0.000000
0.332875, 0.221358, 0.000000
0.351402, 0.266648, 0.000000
0.198059, 0.283477, 0.000000
0.394716, 0.410456, 0.000000
0.316952, 0.232163, 0.000000
0.202153, 0.223513, 0.000000
0.195607, 0.212937, 0.000000
0.169229, 0.260290, 0.000000
0.335269, 0.202019, 0.000000
0.186700, 0.336157, 0.000000
0.278829, 0.175669, 0.000000
0.201783, 0.249618, 0.000000
0.354775, 0.185810, 0.000000
0.108277, 0.252070, 0.000000
0.366250, 0.139994, 0.000000
0.202964, 0.105145, 0.000000
0.244544, 0.327282, 0.000000
0.263702, 0.237138, 0.000000
0.143312, 0.320665, 0.000000
0.272205, 0.279759, 0.000000
0.247386, 0.451922, 0.000000
0.230944, 0.382565, 0.000000
0.455939, 0.251163, 0.000000
0.181004, 0.410886, 0.000000
0.147858, 0.226764, 0.000000
0.085775, 0.269664, 0.000000
0.308006, 0.118338, 0.000000
0.116074, 0.340020, 0.000000
0.157862, 0.404504, 0.000000
0.318839, 0.420221, 0.000000
0.459724, 0.266605, 0.000000
0.322600, 0.361230, 0.000000
0.210835, 0.089137, 0.000000
0.254957, 0.171787, 0.000000
0.228015, 0.167860, 0.000000
0.372456, 0.246227, 0.000000
0.216432, 0.308980, 0.000000
0.431608, 0.212976, 0.000000
0.076060, 0.296782, 0.000000
0.367392, 0.313746, 0.000000
0.240921, 0.431754, 0.000000
0.327917, 0.433638, 0.000000
0.273586, 0.448227, 0.000000
0.303595, 0.155496, 0.000000
0.218807, 0.240959, 0.000000
0.250240, 0.424925, 0.000000
0.425562, 0.338707, 0.000000
0.450860, 0.196981, 0.000000
0.204236, 0.234323, 0.000000
0.226701, 0.073765, 0.000000
0.112424, 0.330013, 0.000000
0.171414, 0.435068, 0.000000
0.298419, 0.144089, 0.000000
0.420767, 0.388074, 0.000000
0.146818, 0.286420, 0.000000
0.267612, 0.334910, 0.000000
0.286887, 0.289282, 0.000000
0.129557, 0.142182, 0.000000
0.438225, 0.230352, 0.000000
0.458430, 0.276085, 0.000000
0.173593, 0.226635, 0.000000
0.192986, 0.293458, 0.000000
0.458625, 0.319035, 0.000000
0.167457, 0.110996, 0.000000
0.276399, 0.104442, 0.000000
0.299994, 0.182498, 0.000000
0.291924, 0.196365, 0.000000
0.234895, 0.379968, 0.000000
0.424309, 0.225093, 0.000000
0.380268, 0.347297, 0.000000
0.376532, 0.146211, 0.000000
0.405453, 0.392242, 0.000000
0.077032, 0.256517, 0.000000
0.293648, 0.294822, 0.000000
0.392674, 0.409223, 0.000000
0.303707, 0.154108, 0.000000
0.352736, 0.324107, 0.000000
0.323186, 0.141508, 0.000000
0.076250, 0.215688, 0.000000
0.218388, 0.147151, 0.000000
0.099544, 0.262784, 0.000000
0.103184, 0.201495, 0.000000
0.234656, 0.400771, 0.000000
0.366338, 0.228421, 0.000000
0.310895, 0.161841, 0.000000
0.178355, 0.173075, 0.000000
0.341465, 0.097943, 0.000000
0.436487, 0.332217, 0.000000
0.385274, 0.370827, 0.000000
0.166399, 0.314260, 0.000000
0.213687, 0.266414, 0.000000
0.218296, 0.415434, 0.000000
0.226262, 0.148612, 0.000000
0.434464, 0.166865, 0.000000
0.288096, 0.212185, 0.000000
0.215598, 0.135858, 0.000000
0.322078, 0.342309, 0.000000
0.349347, 0.299310, 0.000000
0.121388, 0.189320, 0.000000
0.236666, 0.446775, 0.000000
0.118407, 0.287087, 0.000000
0.187761, 0.264363, 0.000000
0.253760, 0.142085, 0.000000
0.120758, 0.364979, 0.000000
0.118363, 0.355356, 0.000000
0.260325, 0.193390, 0.000000
0.290184, 0.156620, 0.000000
0.116347, 0.360300, 0.000000
0.375128, 0.334317, 0.000000
0.264227, 0.401452, 0.000000
0.386696, 0.296784, 0.000000
0.350757, 0.167122, 0.000000
0.314127, 0.190863, 0.000000
0.370257, 0.320948, 0.000000
0.412919, 0.190217, 0.000000
0.316545, 0.089817, 0.000000
0.330374, 0.079395, 0.000000
0.204040, 0.100419, 0.000000
0.278975, 0.320707, 0.000000
0.366354, 0.265325, 0.000000
0.141815, 0.207497, 0.000000
0.370330, 0.434034, 0.000000
0.277395, 0.434799, 0.000000
0.316233, 0.373459, 0.000000
0.336984, 0.129265, 0.000000
0.275973, 0.075316, 0.000000
0.128707, 0.204437, 0.000000
0.154939, 0.296645, 0.000000
0.306483, 0.333042, 0.000000
0.351200, 0.115841, 0.000000
0.183797, 0.114322, 0.000000
0.406335, 0.405391, 0.000000
0.360433, 0.418972, 0.000000
0.440856, 0.196386, 0.000000
0.382640, 0.124410, 0.000000
0.132952, 0.197646, 0.000000
0.273011, 0.423875, 0.000000
0.231416, 0.143073, 0.000000
0.147682, 0.110340, 0.000000
0.333628, 0.310994, 0.000000
0.348124, 0.135203, 0.000000
0.148642, 0.221149, 0.000000
0.174525, 0.203479, 0.000000
0.330832, 0.388914, 0.000000
0.151594, 0.317960, 0.000000
0.254822, 0.339478, 0.000000
0.231359, 0.098961, 0.000000
0.211387, 0.242223, 0.000000
0.250465, 0.288218, 0.000000
0.405650, 0.199812, 0.000000
0.433591, 0.213463, 0.000000
0.144739, 0.175876, 0.000000
0.301680, 0.147092, 0.000000
0.376635, 0.276148, 0.000000
0.119877, 0.186340, 0.000000
0.196848, 0.154875, 0.000000
0.152805, 0.332445, 0.000000
0.169273, 0.373395, 0.000000
0.317236, 0.278150, 0.000000
0.234024, 0.453220, 0.000000
0.361374, 0.434473, 0.000000
0.254955, 0.437029, 0.000000
0.296005, 0.144005, 0.000000
0.284656, 0.297131, 0.000000
0.120645, 0.217787, 0.000000
0.306408, 0.270130, 0.000000
0.263672, 0.084640, 0.000000
0.394161, 0.213663, 0.000000
0.266968, 0.247437, 0.000000
0.094639, 0.365554, 0.000000
0.234158, 0.383513, 0.000000
0.319830, 0.429150, 0.000000
0.417626, 0.237782, 0.000000
0.349432, 0.243062, 0.000000
0.297996, 0.255134, 0.000000
0.194890, 0.293832, 0.000000
0.137923, 0.133114, 0.000000
0.183670, 0.154794, 0.000000
0.438456, 0.268543, 0.000000
0.378468, 0.311908, 0.000000
0.376145, 0.206690, 0.000000
0.394276, 0.157260, 0.000000
0.264716, 0.275308, 0.000000
0.153576, 0.419258, 0.000000
0.152587, 0.421476, 0.000000
0.353139, 0.327781, 0.000000
0.125462, 0.136318, 0.000000
0.285685, 0.102546, 0.000000
0.204652, 0.130569, 0.000000
0.079429, 0.325880, 0.000000
0.180039, 0.275529, 0.000000
0.268203, 0.286788, 0.000000
0.365989, 0.180758, 0.000000
0.398116, 0.256735, 0.000000
0.225717, 0.160697, 0.000000
0.416097, 0.153013, 0.000000
0.251827, 0.415909, 0.000000
0.365475, 0.093661, 0.000000
0.327086, 0.253830, 0.000000
0.222811, 0.365722, 0.000000
0.461603, 0.250243, 0.000000
0.148423, 0.257879, 0.000000
0.343635, 0.233966, 0.000000
0.210850, 0.297057, 0.000000
0.230946, 0.364028, 0.000000
0.294619, 0.451390, 0.000000
0.239689, 0.068501, 0.000000
0.434363, 0.216705, 0.000000
0.416223, 0.343824, 0.000000
0.223366, 0.311111, 0.000000
0.205932, 0.183875, 0.000000
0.163582, 0.401057, 0.000000
0.333751, 0.099373, 0.000000
0.198395, 0.136220, 0.000000
0.354284, 0.160950, 0.000000
0.251830, 0.460179, 0.000000
0.399843, 0.352274, 0.000000
0.168316, 0.242235, 0.000000
0.089181, 0.271156, 0.000000
0.241283, 0.405451, 0.000000
0.107489, 0.333061, 0.000000
0.256923, 0.293584, 0.000000
0.262737, 0.087433, 0.000000
0.254290, 0.297104, 0.000000
0.123869, 0.393151, 0.000000
0.396619, 0.189476, 0.000000
0.343164, 0.435234, 0.000000
0.218768, 0.127137, 0.000000
0.197162, 0.366819, 0.000000
0.115184, 0.199954, 0.000000
0.346591, 0.172727, 0.000000
0.283329, 0.155498, 0.000000
0.228205, 0.425559, 0.000000
0.349839, 0.195171, 0.000000
0.225461, 0.352216, 0.000000
0.293135, 0.438515, 0.000000
0.282713, 0.239337, 0.000000
0.262301, 0.279769, 0.000000
0.164199, 0.264427, 0.000000
0.364049, 0.218848, 0.000000
0.094435, 0.238158, 0.000000
0.134478, 0.296049, 0.000000
0.353026, 0.221739, 0.000000
0.270161, 0.355628, 0.000000
0.109403, 0.344191, 0.000000
0.399598, 0.412813, 0.000000
0.430280, 0.199588, 0.000000
0.279722, 0.381054, 0.000000
0.249541, 0.178178, 0.000000
0.329514, 0.414679, 0.000000
0.118470, 0.302075, 0.000000
0.149422, 0.235409, 0.000000
0.402521, 0.241981, 0.000000
0.403425, 0.179343, 0.000000
0.273766, 0.174483, 0.000000
0.097878, 0.160849, 0.000000
0.279142, 0.284909, 0.000000
0.333040, 0.155972, 0.000000
0.112171, 0.198469, 0.000000
0.220792, 0.103530, 0.000000
0.189824, 0.395398, 0.000000
0.369531, 0.346223, 0.000000
0.287514, 0.321782, 0.000000
0.238194, 0.279713, 0.000000
0.275505, 0.329374, 0.000000
0.118180, 0.204588, 0.000000
0.379077, 0.405033, 0.000000
0.145228, 0.397257, 0.000000
0.218751, 0.360746, 0.000000
0.276872, 0.433252, 0.000000
0.417282, 0.175214, 0.000000
0.204024, 0.249916, 0.000000
0.319424, 0.167779, 0.000000
0.359632, 0.386541, 0.000000
0.266546, 0.455912, 0.000000
0.212051, 0.433607, 0.000000
0.356659, 0.331592, 0.000000
0.143578, 0.159515, 0.000000
0.354432, 0.180688, 0.000000
0.282486, 0.307482, 0.000000
0.160935, 0.124657, 0.000000
0.242658, 0.255936, 0.000000
0.212223, 0.221360, 0.000000
0.169137, 0.329570, 0.000000
0.460281, 0.234459, 0.000000
0.364734, 0.240562, 0.000000
0.101340, 0.307115, 0.000000
0.091444, 0.244963, 0.000000
0.231246, 0.120403, 0.000000
0.327835, 0.373265, 0.000000
0.177059, 0.264796, 0.000000
0.071695, 0.243325, 0.000000
0.247110, 0.430678, 0.000000
0.325256, 0.439234, 0.000000
0.260258, 0.219389, 0.000000
0.269894, 0.284487, 0.000000
0.197553, 0.230488, 0.000000
0.356836, 0.167476, 0.000000
0.113320, 0.329305, 0.000000
0.331836, 0.165779, 0.000000
0.362999, 0.423266, 0.000000
0.094683, 0.206093, 0.000000
0.425747, 0.342856, 0.000000
0.396972, 0.219962, 0.000000
0.373948, 0.340233, 0.000000
0.387448, 0.183914, 0.000000
0.189156, 0.187000, 0.000000
0.321037, 0.336514, 0.000000
0.298477, 0.092990, 0.000000
0.170354, 0.344336, 0.000000
0.156474, 0.121566, 0.000000
0.386980, 0.200714, 0.000000
0.218344, 0.314376, 0.000000
0.212532, 0.242480, 0.000000
0.409653, 0.198723, 0.000000
0.350947, 0.319902, 0.000000
0.126083, 0.408145, 0.000000
0.247789, 0.192795, 0.000000
0.108169, 0.183006, 0.000000
0.308326, 0.158673, 0.000000
0.192240, 0.126089, 0.000000
0.150220, 0.156734, 0.000000
0.147894, 0.393957, 0.000000
0.298789, 0.389248, 0.000000
0.245231, 0.308393, 0.000000
0.277947, 0.326734, 0.000000
0.210492, 0.343759, 0.000000
0.172614, 0.409545, 0.000000
0.332583, 0.405947, 0.000000
0.195846, 0.305604, 0.000000
0.426768, 0.271905, 0.000000
0.217141, 0.161906, 0.000000
0.391220, 0.282092, 0.000000
0.227187, 0.189725, 0.000000
0.333302, 0.235461, 0.000000
0.200950, 0.443603, 0.000000
0.113176, 0.385443, 0.000000
0.214366, 0.369953, 0.000000
0.617429, 0.428950, 5.000000
0.382713, 0.251446, 0.000000
0.096435, 0.181709, 0.000000
0.179139, 0.251180, 0.000000
0.349287, 0.417814, 0.000000
0.300938, 0.394220, 0.000000
0.164150, 0.243714, 0.000000
0.166921, 0.428062, 0.000000
0.218865, 0.215752, 0.000000
0.112748, 0.387374, 0.000000
0.326552, 0.195630, 0.000000
0.350707, 0.214106, 0.000000
0.099208, 0.312061, 0.000000
0.391698, 0.321316, 0.000000
0.166034, 0.438853, 0.000000
0.439052, 0.316831, 0.000000
0.370955, 0.298679, 0.000000
0.489993, 0.286393, 5.000000
0.342147, 0.410896, 0.000000
0.169863, 0.425842, 0.000000
0.385124, 0.306833, 0.000000
0.200879, 0.135232, 0.000000
0.311651, 0.386053, 0.000000
0.418679, 0.211603, 0.000000
0.141285, 0.339371, 0.000000
0.344236, 0.380973, 0.000000
0.428009, 0.210287, 0.000000
0.318192, 0.381651, 0.000000
0.295023, 0.087337, 0.000000
0.280698, 0.415233, 0.000000
0.308936, 0.438358, 0.000000
0.299838, 0.407888, 0.000000
0.312632, 0.266688, 0.000000
0.374394, 0.195826, 0.000000
0.229308, 0.392558, 0.000000
0.180230, 0.196549, 0.000000
0.274293, 0.119783, 0.000000
0.379705, 0.163944, 0.000000
0.265727, 0.171242, 0.000000
0.217821, 0.353477, 0.000000
0.176846, 0.177956, 0.000000
0.366356, 0.121725, 0.000000
0.147793, 0.165030, 0.000000
0.256559, 0.298327, 0.000000
0.344102, 0.159358, 0.000000
0.329088, 0.418735, 0.000000
0.311096, 0.199203, 0.000000
0.361444, 0.382901, 0.000000
0.209633, 0.369868, 0.000000
0.204209, 0.408569, 0.000000
0.239398, 0.320363, 0.000000
0.380197, 0.372630, 0.000000
0.191493, 0.184705, 0.000000
0.107101, 0.303565, 0.000000
0.332425, 0.426584, 0.000000
0.282620, 0.247700, 0.000000
0.374649, 0.361580, 0.000000
0.151719, 0.254903, 0.000000
0.335957, 0.143501, 0.000000
0.236692, 0.281667, 0.000000
0.379673, 0.256095, 0.000000
0.197484, 0.335018, 0.000000
0.437618, 0.303142, 0.000000
0.219290, 0.217268, 0.000000
0.227534, 0.446738, 0.000000
0.105261, 0.219553, 0.000000
0.191081, 0.246954, 0.000000
0.078888, 0.218591, 0.000000
0.401765, 0.369498, 0.000000
0.357587, 0.366792, 0.000000
0.236265, 0.463671, 0.000000
0.125011, 0.263983, 0.000000
0.245750, 0.072783, 0.000000
0.297891, 0.328597, 0.000000
0.154233, 0.223666, 0.000000
0.226592, 0.263866, 0.000000
0.231866, 0.300886, 0.000000
0.273100, 0.390672, 0.000000
0.359465, 0.353705, 0.000000
0.330207, 0.151092, 0.000000
0.237266, 0.373761, 0.000000
0.223197, 0.326725, 0.000000
0.359466, 0.347605, 0.000000
0.426339, 0.253688, 0.000000
0.352782, 0.237134, 0.000000
0.351948, 0.134874, 0.000000
0.392339, 0.128219, 0.000000
0.395609, 0.205767, 0.000000
0.115448, 0.207054, 0.000000
0.079499, 0.330736, 0.000000
0.133574, 0.159758, 0.000000
0.291047, 0.374171, 0.000000
0.108564, 0.261008, 0.000000
0.313293, 0.272230, 0.000000
0.257609, 0.352969, 0.000000
0.321364, 0.211587, 0.000000
0.366793, 0.434396, 0.000000
0.099824, 0.349564, 0.000000
0.424588, 0.319329, 0.000000
0.424120, 0.360852, 0.000000
0.070831, 0.276433, 0.000000
0.249368, 0.430656, 0.000000
0.152414, 0.343745, 0.000000
0.430449, 0.195312, 0.000000
0.234595, 0.241292, 0.000000
0.244240, 0.428195, 0.000000
0.299472, 0.288689, 0.000000
0.312710, 0.412188, 0.000000
0.403734, 0.276447, 0.000000
0.424531, 0.259540, 0.000000
0.296759, 0.204192, 0.000000
0.219818, 0.232708, 0.000000
0.212946, 0.384078, 0.000000
0.370932, 0.346480, 0.000000
0.301150, 0.129449, 0.000000
0.383495, 0.370821, 0.000000
0.291326, 0.447952, 0.000000
0.345982, 0.423737, 0.000000
0.201818, 0.087791, 0.000000
0.088540, 0.221616, 0.000000
0.235976, 0.120693, 0.000000
0.307295, 0.313100, 0.000000
0.255804, 0.222500, 0.000000
0.254199, 0.195850, 0.000000
0.325182, 0.188856, 0.000000
0.187452, 0.179448, 0.000000
0.397175, 0.146010, 0.000000
0.381958, 0.153412, 0.000000
0.100324, 0.185676, 0.000000
0.331546, 0.137456, 0.000000
0.125492, 0.277641, 0.000000
0.346161, 0.321205, 0.000000
0.114305, 0.196849, 0.000000
0.185983, 0.193672, 0.000000
0.196953, 0.389650, 0.000000
0.297373, 0.357395, 0.000000
0.280246, 0.390136, 0.000000
0.361291, 0.351013, 0.000000
0.169610, 0.224491, 0.000000
0.337637, 0.449604, 0.000000
0.228450, 0.077383, 0.000000
0.119996, 0.355428, 0.000000
0.188325, 0.255744, 0.000000
0.138698, 0.361365, 0.000000
0.371750, 0.407421, 0.000000
0.098395, 0.251357, 0.000000
0.137211, 0.324728, 0.000000
0.197475, 0.402733, 0.000000
0.305805, 0.433712, 0.000000
0.082098, 0.338086, 0.000000
0.290700, 0.188200, 0.000000
0.261499, 0.410382, 0.000000
0.180195, 0.437511, 0.000000
0.145754, 0.318796, 0.000000
0.140390, 0.120173, 0.000000
0.186335, 0.232539, 0.000000
0.272879, 0.097668, 0.000000
0.393784, 0.404974, 0.000000
0.151987, 0.191853, 0.000000
0.084762, 0.323446, 0.000000
0.443422, 0.227686, 0.000000
0.137550, 0.192405, 0.000000
0.308942, 0.201197, 0.000000
0.232548, 0.251412, 0.000000
0.152358, 0.184259, 0.000000
0.210562, 0.450861, 0.000000
0.199619, 0.150076, 0.000000
0.314659, 0.103393, 0.000000
0.417181, 0.169833, 0.000000
0.379419, 0.246603, 0.000000
0.109715, 0.271377, 0.000000
0.400590, 0.325577, 0.000000
0.383638, 0.409832, 0.000000
0.165927, 0.389534, 0.000000
0.151003, 0.279311, 0.000000
0.290678, 0.338732, 0.000000
0.343830, 0.153742, 0.000000
0.124312, 0.344667, 0.000000
0.225435, 0.153386, 0.000000
0.289650, 0.121237, 0.000000
0.194437, 0.253312, 0.000000
0.266217, 0.231739, 0.000000
0.405283, 0.334502, 0.000000
0.184474, 0.342996, 0.000000
0.086637, 0.302677, 0.000000
0.474629, 0.299388, 5.000000
0.229763, 0.372592, 0.000000
0.395345, 0.339178, 0.000000
0.295246, 0.156884, 0.000000
0.337092, 0.443019, 0.000000
0.378804, 0.372292, 0.000000
0.266040, 0.163147, 0.000000
0.223146, 0.291474, 0.000000
0.261557, 0.139046, 0.000000
0.080472, 0.263822, 0.000000
0.284333, 0.121131, 0.000000
0.115603, 0.186958, 0.000000
0.229073, 0.283628, 0.000000
0.334253, 0.435055, 0.000000
0.295962, 0.241283, 0.000000
0.254021, 0.396041, 0.000000
0.137315, 0.348484, 0.000000
0.212785, 0.449335, 0.000000
0.392040, 0.301167, 0.000000
0.386834, 0.277056, 0.000000
0.224710, 0.223005, 0.000000
0.397156, 0.212019, 0.000000
0.117340, 0.187553, 0.000000
0.279867, 0.279006, 0.000000
0.186402, 0.228895, 0.000000
0.305659, 0.148044, 0.000000
0.100813, 0.263879, 0.000000
0.135821, 0.267339, 0.000000
0.258969, 0.255724, 0.000000
0.224411, 0.265746, 0.000000
0.300855, 0.269626, 0.000000
0.413325, 0.281187, 0.000000
0.091797, 0.320297, 0.000000
0.206269, 0.215785, 0.000000
0.245616, 0.242479, 0.000000
0.302688, 0.322467, 0.000000
0.411973, 0.363355, 0.000000
0.351848, 0.369743, 0.000000
0.368273, 0.170823, 0.000000
0.371766, 0.418857, 0.000000
0.152729, 0.258935, 0.000000
0.305207, 0.433040, 0.000000
0.232554, 0.425751, 0.000000
0.293106, 0.188435, 0.000000
0.367327, 0.235921, 0.000000
0.316225, 0.121766, 0.000000
0.193005, 0.413161, 0.000000
0.303853, 0.074096, 0.000000
0.097385, 0.300802, 0.000000
0.248863, 0.230495, 0.000000
0.198956, 0.149239, 0.000000
0.298111, 0.419591, 0.000000
0.321715, 0.420532, 0.000000
0.093621, 0.242006, 0.000000
0.174506, 0.244395, 0.000000
0.325372, 0.109441, 0.000000
0.198761, 0.401944, 0.000000
0.164745, 0.164117, 0.000000
0.318556, 0.103067, 0.000000
0.104590, 0.374676, 0.000000
0.307370, 0.078990, 0.000000
0.289748, 0.419846, 0.000000
0.269881, 0.140068, 0.000000
0.309965, 0.098381, 0.000000
0.135114, 0.249446, 0.000000
0.317292, 0.194284, 0.000000
0.229902, 0.225020, 0.000000
0.343841, 0.390813, 0.000000
0.410985, 0.328026, 0.000000
0.247360, 0.078743, 0.000000
0.141451, 0.162145, 0.000000
0.206868, 0.434686, 0.000000
0.180052, 0.290551, 0.000000
0.269360, 0.324605, 0.000000
0.323862, 0.404177, 0.000000
0.103996, 0.187798, 0.000000
0.087174, 0.341211, 0.000000
0.140743, 0.351857, 0.000000
0.092325, 0.190903, 0.000000
0.266874, 0.410815, 0.000000
0.239919, 0.199957, 0.000000
0.170875, 0.328054, 0.000000
0.253968, 0.288822, 0.000000
0.383092, 0.176205, 0.000000
0.094763, 0.202169, 0.000000
0.402129, 0.407836, 0.000000
0.172572, 0.285328, 0.000000
0.427909, 0.322483, 0.000000
0.079675, 0.311444, 0.000000
0.250152, 0.331524, 0.000000
0.118965, 0.321787, 0.000000
0.407105, 0.161235, 0.000000
0.148792, 0.375340, 0.000000
0.149346, 0.340581, 0.000000
0.262304, 0.274375, 0.000000
0.188786, 0.376177, 0.000000
0.205722, 0.378348, 0.000000
0.366102, 0.215340, 0.000000
0.260912, 0.204056, 0.000000
0.422163, 0.299218, 0.000000
0.093972, 0.271218, 0.000000
0.350340, 0.148095, 0.000000
0.079864, 0.234267, 0.000000
0.332546, 0.192953, 0.000000
0.294651, 0.450405, 0.000000
0.409538, 0.179917, 0.000000
0.175466, 0.153407, 0.000000
0.164669, 0.242009, 0.000000
0.150456, 0.190112, 0.000000
0.070455, 0.276010, 0.000000
0.150631, 0.256942, 0.000000
0.343259, 0.221951, 0.000000
0.253993, 0.335452, 0.000000
0.368590, 0.268001, 0.000000
0.226791, 0.344981, 0.000000
0.318042, 0.325449, 0.000000
0.238154, 0.072022, 0.000000
0.192987, 0.398700, 0.000000
0.127739, 0.272432, 0.000000
0.316044, 0.403413, 0.000000
0.191013, 0.252769, 0.000000
0.209381, 0.159496, 0.000000
0.126063, 0.231657, 0.000000
0.387064, 0.331240, 0.000000
0.298456, 0.166598, 0.000000
0.404244, 0.340489, 0.000000
0.395056, 0.357672, 0.000000
0.241903, 0.398389, 0.000000
0.417595, 0.331063, 0.000000
0.344797, 0.223879, 0.000000
0.274157, 0.423547, 0.000000
0.170338, 0.205843, 0.000000
0.159329, 0.179183, 0.000000
0.223760, 0.123692, 0.000000
0.208014, 0.358874, 0.000000
0.413188, 0.240174, 0.000000
0.075549, 0.323036, 0.000000
0.195816, 0.304462, 0.000000
0.398544, 0.291585, 0.000000
0.136606, 0.367299, 0.000000
0.244175, 0.450355, 0.000000
0.331304, 0.094467, 0.000000
0.259083, 0.311232, 0.000000
0.255515, 0.298036, 0.000000
0.150566, 0.378619, 0.000000
0.268910, 0.115779, 0.000000
0.250555, 0.451111, 0.000000
0.205898, 0.392542, 0.000000
0.291553, 0.197746, 0.000000
0.169331, 0.188866, 0.000000
0.423827, 0.305759, 0.000000
0.253572, 0.320841, 0.000000
0.284720, 0.278775, 0.000000
0.253390, 0.091007, 0.000000
0.250233, 0.318735, 0.000000
0.314481, 0.278269, 0.000000
0.313848, 0.271691, 0.000000
0.434351, 0.328602, 0.000000
0.375305, 0.146246, 0.000000
0.211373, 0.434051, 0.000000
0.116309, 0.203661, 0.000000
0.276880, 0.350248, 0.000000
0.391181, 0.236784, 0.000000
0.391796, 0.226529, 0.000000
0.207308, 0.352386, 0.000000
0.207653, 0.431512, 0.000000
0.216686, 0.268719, 0.000000
0.368026, 0.313720, 0.000000
0.208939, 0.393231, 0.000000
0.327454, 0.272133, 0.000000
0.251807, 0.320552, 0.000000
0.187094, 0.432342, 0.000000
0.397091, 0.309964, 0.000000
0.300349, 0.258958, 0.000000
0.277819, 0.382629, 0.000000
0.189276, 0.348259, 0.000000
0.259796, 0.139648, 0.000000
0.120673, 0.272418, 0.000000
0.372596, 0.140277, 0.000000
0.382315, 0.310103, 0.000000
0.112990, 0.384029, 0.000000
0.303951, 0.416750, 0.000000
0.186321, 0.128296, 0.000000
0.289219, 0.350785, 0.000000
0.095438, 0.267361, 0.000000
0.102147, 0.196612, 0.000000
0.143058, 0.238005, 0.000000
0.418045, 0.174241, 0.000000
0.353419, 0.107450, 0.000000
0.156763, 0.100072, 0.000000
0.102868, 0.173441, 0.000000
0.761087, 0.609426, 3.000000
0.200782, 0.424349, 0.000000
0.216947, 0.322868, 0.000000
0.206274, 0.142094, 0.000000
0.535431, 0.529489, 7.000000
0.263225, 0.372856, 0.000000
0.141302, 0.260503, 0.000000
0.320656, 0.136908, 0.000000
0.227914, 0.425313, 0.000000
0.281472, 0.395624, 0.000000
0.433585, 0.369647, 0.000000
0.327515, 0.200450, 0.000000
0.353929, 0.414465, 0.000000
0.126398, 0.349478, 0.000000
0.158623, 0.363044, 0.000000
0.127005, 0.170033, 0.000000
0.285167, 0.364933, 0.000000
0.256050, 0.308843, 0.000000
0.332524, 0.123447, 0.000000
0.240236, 0.254317, 0.000000
0.386745, 0.260914, 0.000000
0.168582, 0.246119, 0.000000
0.167253, 0.407832, 0.000000
0.346901, 0.274367, 0.000000
0.096694, 0.282706, 0.000000
0.360073, 0.183362, 0.000000
0.274016, 0.300261, 0.000000
0.280568, 0.277347, 0.000000
0.393631, 0.224210, 0.000000
0.191050, 0.339745, 0.000000
0.162660, 0.377811, 0.000000
0.177745, 0.096158, 0.000000
0.107745, 0.353352, 0.000000
0.396627, 0.216027, 0.000000
0.293609, 0.340869, 0.000000
0.322291, 0.346184, 0.000000
0.275193, 0.359691, 0.000000
0.388700, 0.234181, 0.000000
0.365797, 0.312253, 0.000000
0.274486, 0.170611, 0.000000
0.253159, 0.341264, 0.000000
0.313859, 0.088832, 0.000000
0.221607, 0.364202, 0.000000
0.138271, 0.381162, 0.000000
0.155686, 0.114336, 0.000000
0.290595, 0.314378, 0.000000
0.389500, 0.365853, 0.000000
0.243325, 0.148899, 0.000000
0.207665, 0.098662, 0.000000
0.302619, 0.401403, 0.000000
0.380392, 0.378611, 0.000000
0.206853, 0.248439, 0.000000
0.318963, 0.311674, 0.000000
0.266512, 0.421339, 0.000000
0.356569, 0.382273, 0.000000
0.245897, 0.127336, 0.000000
0.199728, 0.113004, 0.000000
0.106886, 0.175564, 0.000000
0.367538, 0.220361, 0.000000
0.145753, 0.234288, 0.000000
0.230761, 0.363185, 0.000000
0.228033, 0.428925, 0.000000
0.358074, 0.148288, 0.000000
0.233024, 0.400454, 0.000000
0.299719, 0.327774, 0.000000
0.747427, 0.183626, 9.000000
0.339156, 0.452733, 0.000000
0.252903, 0.150490, 0.000000
0.419132, 0.395847, 0.000000
0.109616, 0.194233, 0.000000
0.093200, 0.273748, 0.000000
0.138604, 0.386729, 0.000000
0.369567, 0.425247, 0.000000
0.296448, 0.169799, 0.000000
0.080860, 0.209027, 0.000000
0.170618, 0.120345, 0.000000
0.110598, 0.315272, 0.000000
0.249876, 0.310736, 0.000000
0.286532, 0.396306, 0.000000
0.348495, 0.312616, 0.000000
0.266962, 0.217664, 0.000000
0.205752, 0.242696, 0.000000
0.139076, 0.141490, 0.000000
0.259046, 0.267490, 0.000000
0.400979, 0.401481, 0.000000
0.297704, 0.287012, 0.000000
0.378977, 0.320193, 0.000000
0.309399, 0.271078, 0.000000
0.200425, 0.202946, 0.000000
0.339112, 0.259544, 0.000000
0.257695, 0.315642, 0.000000
0.199200, 0.352888, 0.000000
0.236808, 0.305394, 0.000000
0.389161, 0.422496, 0.000000
0.293639, 0.130747, 0.000000
0.436107, 0.294966, 0.000000
0.204208, 0.274227, 0.000000
0.190460, 0.172130, 0.000000
0.220380, 0.169600, 0.000000
0.114270, 0.244504, 0.000000
0.340601, 0.246785, 0.000000
0.272212, 0.127577, 0.000000
0.131213, 0.272576, 0.000000
0.433799, 0.181715, 0.000000
0.253852, 0.253204, 0.000000
0.308436, 0.361233, 0.000000
0.313080, 0.392024, 0.000000
0.284235, 0.170436, 0.000000
0.302590, 0.188893, 0.000000
0.121682, 0.336121, 0.000000
0.300399, 0.328943, 0.000000
0.133391, 0.289966, 0.000000
0.243395, 0.261818, 0.000000
0.156463, 0.334101, 0.000000
0.124166, 0.148778, 0.000000
0.427574, 0.319911, 0.000000
0.119447, 0.185581, 0.000000
0.078529, 0.303099, 0.000000
0.152261, 0.206271, 0.000000
0.324836, 0.389343, 0.000000
0.251846, 0.144007, 0.000000
0.245387, 0.267360, 0.000000
0.225693, 0.196678, 0.000000
0.317704, 0.405128, 0.000000
0.315274, 0.130686, 0.000000
0.212258, 0.384198, 0.000000
0.430329, 0.237443, 0.000000
0.146026, 0.203921, 0.000000
0.363219, 0.242929, 0.000000
0.300062, 0.099274, 0.000000
0.461907, 0.237151, 0.000000
0.181985, 0.429649, 0.000000
0.247128, 0.454154, 0.000000
0.113004, 0.185015, 0.000000
0.204380, 0.376669, 0.000000
0.189574, 0.162393, 0.000000
0.142304, 0.153455, 0.000000
0.167223, 0.261942, 0.000000
0.289232, 0.358602, 0.000000
0.400214, 0.150949, 0.000000
0.347326, 0.415482, 0.000000
0.361834, 0.394056, 0.000000
0.278636, 0.196161, 0.000000
0.125201, 0.363122, 0.000000
0.110480, 0.158874, 0.000000
0.075670, 0.227131, 0.000000
0.243579, 0.140953, 0.000000
0.387784, 0.413616, 0.000000
0.137106, 0.349255, 0.000000
0.366668, 0.119072, 0.000000
0.284033, 0.221535, 0.000000
0.149710, 0.309466, 0.000000
0.178286, 0.315932, 0.000000
0.306983, 0.170618, 0.000000
0.334071, 0.232482, 0.000000
0.232015, 0.237837, 0.000000
0.232297, 0.315269, 0.000000
0.386771, 0.163306, 0.000000
0.315606, 0.309028, 0.000000
0.342362, 0.225642, 0.000000
0.144340, 0.257131, 0.000000
0.137996, 0.166528, 0.000000
0.121104, 0.156713, 0.000000
0.154442, 0.157137, 0.000000
0.182883, 0.256613, 0.000000
0.390794, 0.267964, 0.000000
0.262275, 0.218694, 0.000000
0.201156, 0.218720, 0.000000
0.355206, 0.171569, 0.000000
0.207368, 0.136934, 0.000000
0.338294, 0.273622, 0.000000
0.438728, 0.256440, 0.000000
0.204680, 0.355854, 0.000000
0.173064, 0.170526, 0.000000
0.251586, 0.249834, 0.000000
0.399960, 0.218564, 0.000000
0.351276, 0.430733, 0.000000
0.334695, 0.206934, 0.000000
0.169962, 0.359766, 0.000000
0.430181, 0.230050, 0.000000
0.257881, 0.362822, 0.000000
0.280810, 0.393589, 0.000000
0.218771, 0.095935, 0.000000
0.166517, 0.429962, 0.000000
0.254238, 0.107474, 0.000000
0.347078, 0.170903, 0.000000
0.396021, 0.197401, 0.000000
0.277109, 0.206023, 0.000000
0.086898, 0.293099, 0.000000
0.265206, 0.321649, 0.000000
0.234044, 0.290983, 0.000000
0.381776, 0.334372, 0.000000
0.197328, 0.423130, 0.000000
0.362499, 0.435332, 0.000000
0.159303, 0.287817, 0.000000
0.356459, 0.226665, 0.000000
0.226285, 0.117378, 0.000000
0.239363, 0.195425, 0.000000
0.108002, 0.172091, 0.000000
0.317883, 0.151417, 0.000000
0.171277, 0.361348, 0.000000
0.183927, 0.109068, 0.000000
0.379507, 0.180327, 0.000000
0.315988, 0.197886, 0.000000
0.242119, 0.327017, 0.000000
0.413569, 0.385651, 0.000000
0.239700, 0.429141, 0.000000
0.270834, 0.330821, 0.000000
0.254709, 0.407970, 0.000000
0.326168, 0.444697, 0.000000
0.181411, 0.206749, 0.000000
0.218391, 0.430047, 0.000000
0.448409, 0.231161, 0.000000
0.279254, 0.210578, 0.000000
0.145245, 0.163994, 0.000000
0.144310, 0.156976, 0.000000
0.316629, 0.209950, 0.000000
0.317591, 0.076979, 0.000000
0.158274, 0.108750, 0.000000
0.200240, 0.215602, 0.000000
0.226739, 0.443789, 0.000000
0.241083, 0.116786, 0.000000
0.218679, 0.453612, 0.000000
0.362711, 0.103038, 0.000000
0.238644, 0.132845, 0.000000
0.299583, 0.383325, 0.000000
0.387029, 0.394718, 0.000000
0.286366, 0.131402, 0.000000
0.403009, 0.236068, 0.000000
0.270285, 0.298495, 0.000000
0.290686, 0.072298, 0.000000
0.284176, 0.216872, 0.000000
0.319068, 0.210051, 0.000000
0.310664, 0.242265, 0.000000
0.169741, 0.119769, 0.000000
0.313838, 0.438632, 0.000000
0.148089, 0.232411, 0.000000
0.234535, 0.363283, 0.000000
0.158837, 0.210332, 0.000000
0.441878, 0.337556, 0.000000
0.142666, 0.175452, 0.000000
0.264545, 0.072992, 0.000000
0.396085, 0.120253, 0.000000
0.290763, 0.201020, 0.000000
0.225187, 0.208538, 0.000000
0.274928, 0.229904, 0.000000
0.154719, 0.304634, 0.000000
0.236427, 0.449406, 0.000000
0.181889, 0.295786, 0.000000
0.101058, 0.264285, 0.000000
0.255961, 0.310332, 0.000000
0.281694, 0.321856, 0.000000
0.081404, 0.227564, 0.000000
0.398298, 0.232026, 0.000000
0.343635, 0.318968, 0.000000
0.162754, 0.325900, 0.000000
0.366556, 0.102864, 0.000000
0.371886, 0.175646, 0.000000
0.253227, 0.454619, 0.000000
0.351282, 0.349461, 0.000000
0.445923, 0.251744, 0.000000
0.358531, 0.306689, 0.000000
0.114726, 0.270010, 0.000000
0.372715, 0.206536, 0.000000
0.125750, 0.291798, 0.000000
0.273089, 0.315491, 0.000000
0.115210, 0.287603, 0.000000
0.205691, 0.098079, 0.000000
0.265428, 0.233382, 0.000000
0.360245, 0.212980, 0.000000
0.135199, 0.362567, 0.000000
0.165373, 0.278902, 0.000000
0.399590, 0.292292, 0.000000
0.400228, 0.280808, 0.000000
0.309708, 0.344483, 0.000000
0.176409, 0.190508, 0.000000
0.396438, 0.287082, 0.000000
0.353452, 0.250635, 0.000000
0.105691, 0.354170, 0.000000
0.429329, 0.273920, 0.000000
0.296510, 0.285723, 0.000000
0.248522, 0.090332, 0.000000
0.346014, 0.170122, 0.000000
0.379397, 0.366087, 0.000000
0.876346, 0.755025, 4.000000
0.452037, 0.339124, 0.000000
0.296846, 0.087729, 0.000000
0.168763, 0.283655, 0.000000
0.345087, 0.129241, 0.000000
0.202140, 0.231819, 0.000000
0.208664, 0.288149, 0.000000
0.411941, 0.402602, 0.000000
0.122568, 0.169950, 0.000000
0.205013, 0.249795, 0.000000
0.368691, 0.117799, 0.000000
0.421954, 0.274335, 0.000000
0.251691, 0.246828, 0.000000
0.368136, 0.433599, 0.000000
0.082212, 0.250288, 0.000000
0.207959, 0.136857, 0.000000
0.300973, 0.234797, 0.000000
0.107509, 0.196804, 0.000000
0.373070, 0.102293, 0.000000
0.209714, 0.336407, 0.000000
0.340503, 0.236032, 0.000000
0.086797, 0.318053, 0.000000
0.343543, 0.174448, 0.000000
0.121568, 0.288535, 0.000000
0.348453, 0.319920, 0.000000
0.193031, 0.105605, 0.000000
0.362123, 0.361254, 0.000000
0.230613, 0.283392, 0.000000
0.393364, 0.399774, 0.000000
0.336680, 0.164179, 0.000000
0.153251, 0.188339, 0.000000
0.181755, 0.383480, 0.000000
0.152565, 0.403197, 0.000000
0.271305, 0.267796, 0.000000
0.230591, 0.157672, 0.000000
0.114278, 0.173722, 0.000000
0.346010, 0.267349, 0.000000
0.182985, 0.362928, 0.000000
0.313067, 0.307523, 0.000000
0.245044, 0.124957, 0.000000
0.338458, 0.341029, 0.000000
0.375617, 0.256017, 0.000000
0.268620, 0.179305, 0.000000
0.326615, 0.129205, 0.000000
0.202126, 0.125328, 0.000000
0.217866, 0.227545, 0.000000
0.352387, 0.086443, 0.000000
0.206488, 0.206691, 0.000000
0.432149, 0.311627, 0.000000
0.189219, 0.216700, 0.000000
0.254871, 0.239154, 0.000000
0.426337, 0.325612, 0.000000
0.295488, 0.303272, 0.000000
0.346330, 0.319588, 0.000000
0.308483, 0.204147, 0.000000
0.258594, 0.444512, 0.000000
0.081344, 0.226517, 0.000000
0.358048, 0.247399, 0.000000
0.318790, 0.433183, 0.000000
0.205540, 0.403138, 0.000000
0.398849, 0.257033, 0.000000
0.371818, 0.257328, 0.000000
0.252470, 0.435736, 0.000000
0.122628, 0.195870, 0.000000
0.190501, 0.204117, 0.000000
0.262821, 0.231490, 0.000000
0.258350, 0.423531, 0.000000
0.150736, 0.395167, 0.000000
0.252359, 0.330039, 0.000000
0.308576, 0.153456, 0.000000
0.316974, 0.148846, 0.000000
0.207146, 0.334977, 0.000000
0.210080, 0.246618, 0.000000
0.144639, 0.191455, 0.000000
0.285348, 0.459751, 0.000000
0.311147, 0.275263, 0.000000
0.109104, 0.236309, 0.000000
0.191061, 0.252525, 0.000000
0.261765, 0.352020, 0.000000
0.404848, 0.198184, 0.000000
0.381616, 0.191278, 0.000000
0.173519, 0.155064, 0.000000
0.096725, 0.282756, 0.000000
0.345863, 0.222226, 0.000000
0.223956, 0.158691, 0.000000
0.371069, 0.346847, 0.000000
0.100626, 0.283735, 0.000000
0.156313, 0.319712, 0.000000
0.406752, 0.333106, 0.000000
0.318542, 0.278122, 0.000000
0.107174, 0.359404, 0.000000
0.385484, 0.123746, 0.000000
0.265353, 0.071290, 0.000000
0.455160, 0.271538, 0.000000
0.392281, 0.337575, 0.000000
0.190971, 0.341089, 0.000000
0.117117, 0.165118, 0.000000
0.244341, 0.384974, 0.000000
0.212735, 0.352228, 0.000000
0.433120, 0.188991, 0.000000
0.231980, 0.125866, 0.000000
0.392830, 0.217163, 0.000000
0.184759, 0.281177, 0.000000
0.317876, 0.316044, 0.000000
0.179740, 0.097109, 0.000000
0.183614, 0.135359, 0.000000
0.438851, 0.293649, 0.000000
0.070078, 0.269458, 0.000000
0.377688, 0.267903, 0.000000
0.097912, 0.159424, 0.000000
0.275985, 0.380782, 0.000000
0.456025, 0.278283, 0.000000
0.171896, 0.176340, 0.000000
0.293694, 0.397935, 0.000000
0.333487, 0.306127, 0.000000
0.253922, 0.424355, 0.000000
0.201997, 0.113775, 0.000000
0.269832, 0.259093, 0.000000
0.243957, 0.250536, 0.000000
0.313296, 0.191332, 0.000000
0.359538, 0.247245, 0.000000
0.104126, 0.293574, 0.000000
0.326440, 0.248296, 0.000000
0.178135, 0.235402, 0.000000
0.396056, 0.297385, 0.000000
0.410399, 0.165265, 0.000000
0.439646, 0.298479, 0.000000
0.341689, 0.367126, 0.000000
0.366231, 0.143448, 0.000000
0.348814, 0.184742, 0.000000
0.123522, 0.288532, 0.000000
0.333353, 0.306339, 0.000000
0.145881, 0.154969, 0.000000
0.344604, 0.124280, 0.000000
0.338876, 0.226026, 0.000000
0.345972, 0.217773, 0.000000
0.144669, 0.369756, 0.000000
0.281992, 0.286350, 0.000000
0.205601, 0.438597, 0.000000
0.273427, 0.389564, 0.000000
0.191507, 0.368195, 0.000000
0.230218, 0.301304, 0.000000
0.389254, 0.162526, 0.000000
0.127240, 0.151730, 0.000000
0.096410, 0.225579, 0.000000
0.201916, 0.156385, 0.000000
0.219606, 0.340552, 0.000000
0.182146, 0.119979, 0.000000
0.378032, 0.198450, 0.000000
0.231661, 0.187529, 0.000000
0.328031, 0.213582, 0.000000
0.396086, 0.115308, 0.000000
0.291617, 0.423275, 0.000000
0.226316, 0.243780, 0.000000
