0.759988, 0.605318, 3.000000
0.285770, 0.608590, 1.000000
0.222943, 0.789770, 6.000000
0.853883, 0.464038, 8.000000
0.300589, 0.804426, 6.000000
0.477239, 0.617091, 7.000000
0.516229, 0.211929, 5.000000
0.848884, 0.316731, 8.000000
0.216852, 0.479763, 1.000000
0.525547, 0.735580, 2.000000
0.502744, 0.796487, 2.000000
0.185580, 0.308185, 0.000000
0.792160, 0.611375, 3.000000
0.691642, 0.383421, 5.000000
0.589983, 0.252592, 5.000000
0.820405, 0.612456, 3.000000
0.209293, 0.673381, 1.000000
0.799510, 0.141680, 9.000000
0.781771, 0.193798, 9.000000
0.565772, 0.426212, 5.000000
0.554334, 0.802176, 2.000000
0.811954, 0.146760, 9.000000
0.580318, 0.819967, 2.000000
0.894091, 0.707672, 4.000000
0.807500, 0.631608, 3.000000
0.819680, 0.138383, 9.000000
0.250022, 0.860072, 6.000000
0.911667, 0.373197, 8.000000
0.825492, 0.563744, 3.000000
0.739820, 0.727744, 4.000000
0.810799, 0.544489, 3.000000
0.281985, 0.694103, 1.000000
0.449693, 0.235220, 0.000000
0.809554, 0.137248, 9.000000
0.784149, 0.577116, 3.000000
0.556245, 0.807994, 2.000000
0.535171, 0.552532, 7.000000
0.298463, 0.620068, 1.000000
0.237675, 0.815811, 6.000000
0.582222, 0.177596, 5.000000
0.556059, 0.808242, 2.000000
0.767156, 0.575954, 3.000000
0.255043, 0.854374, 6.000000
0.806805, 0.539120, 3.000000
0.296609, 0.102401, 0.000000
0.485672, 0.615044, 7.000000
0.552055, 0.350511, 5.000000
0.353555, 0.625014, 1.000000
0.496604, 0.562300, 7.000000
0.849027, 0.553892, 3.000000
0.255310, 0.805309, 6.000000
0.559205, 0.211299, 5.000000
0.514640, 0.814942, 2.000000
0.823748, 0.183638, 9.000000
0.666486, 0.239152, 5.000000
0.708616, 0.867253, 4.000000
0.782762, 0.147373, 9.000000
0.761938, 0.522909, 3.000000
0.541010, 0.774415, 2.000000
0.762051, 0.175586, 9.000000
0.897884, 0.346530, 8.000000
0.701518, 0.234536, 5.000000
0.805801, 0.337751, 8.000000
0.785171, 0.574336, 3.000000
0.593422, 0.812761, 2.000000
0.775307, 0.231139, 9.000000
0.196631, 0.316709, 0.000000
0.819811, 0.192910, 9.000000
0.802098, 0.426383, 8.000000
0.584467, 0.810782, 2.000000
0.385833, 0.320991, 0.000000
0.532705, 0.831346, 2.000000
0.277610, 0.609707, 1.000000
0.332349, 0.796011, 6.000000
0.765370, 0.758796, 4.000000
0.921617, 0.852904, 4.000000
0.537192, 0.638166, 7.000000
0.249987, 0.771445, 6.000000
0.518246, 0.270748, 5.000000
0.485124, 0.828569, 2.000000
0.854067, 0.539104, 3.000000
0.210696, 0.345231, 0.000000
0.930725, 0.347435, 8.000000
0.836259, 0.198178, 9.000000
0.554007, 0.793419, 2.000000
0.585021, 0.819850, 2.000000
0.515742, 0.690625, 7.000000
0.799689, 0.525881, 3.000000
0.507087, 0.808657, 2.000000
0.804699, 0.627557, 3.000000
0.513784, 0.203440, 5.000000
0.833799, 0.269703, 8.000000
0.332216, 0.797693, 6.000000
0.790571, 0.834220, 4.000000
0.325130, 0.663277, 1.000000
0.299320, 0.774798, 6.000000
0.792342, 0.248703, 9.000000
0.494803, 0.369829, 5.000000
0.533212, 0.319202, 5.000000
0.733590, 0.797551, 4.000000
0.759782, 0.560304, 3.000000
0.601755, 0.531347, 7.000000
0.832828, 0.388727, 8.000000
0.774985, 0.835133, 4.000000
0.454290, 0.490180, 7.000000
0.500450, 0.617281, 7.000000
0.206494, 0.783059, 6.000000
0.530474, 0.788766, 2.000000
0.146812, 0.243384, 0.000000
0.783439, 0.211112, 9.000000
0.182461, 0.185341, 0.000000
0.556147, 0.820292, 2.000000
0.547642, 0.201923, 5.000000
0.797914, 0.197232, 9.000000
0.316426, 0.788143, 6.000000
0.331681, 0.112938, 0.000000
0.619556, 0.225470, 5.000000
0.134739, 0.250040, 0.000000
0.269466, 0.819902, 6.000000
0.879812, 0.731365, 4.000000
0.290841, 0.797036, 6.000000
0.895963, 0.333429, 8.000000
0.661649, 0.187689, 5.000000
0.862305, 0.214352, 9.000000
0.346109, 0.575365, 1.000000
0.820176, 0.549171, 3.000000
0.867918, 0.907365, 4.000000
0.305891, 0.820450, 6.000000
0.298804, 0.808169, 6.000000
0.308019, 0.239590, 0.000000
0.474266, 0.454968, 7.000000
0.673563, 0.299058, 5.000000
0.767007, 0.598341, 3.000000
0.786887, 0.224583, 9.000000
0.253570, 0.789541, 6.000000
0.805168, 0.870867, 4.000000
0.522123, 0.321821, 5.000000
0.843913, 0.615503, 3.000000
0.168119, 0.203231, 0.000000
0.308685, 0.799809, 6.000000
0.763248, 0.523591, 3.000000
0.909382, 0.303588, 8.000000
0.476319, 0.662388, 7.000000
0.268364, 0.633326, 1.000000
0.813923, 0.704679, 4.000000
0.817865, 0.214222, 9.000000
0.666576, 0.206090, 5.000000
0.746563, 0.238926, 9.000000
0.789811, 0.543148, 3.000000
0.317363, 0.835515, 6.000000
0.805389, 0.901495, 4.000000
0.382018, 0.644447, 1.000000
0.756263, 0.812096, 4.000000
0.827053, 0.166069, 9.000000
0.209530, 0.639467, 1.000000
0.769376, 0.611901, 3.000000
0.447424, 0.629778, 7.000000
0.894563, 0.844529, 4.000000
0.821362, 0.286724, 8.000000
0.563340, 0.324902, 5.000000
0.874214, 0.814133, 4.000000
0.498649, 0.539303, 7.000000
0.636083, 0.539694, 7.000000
0.388747, 0.622645, 1.000000
0.516203, 0.287168, 5.000000
0.828893, 0.570155, 3.000000
0.514423, 0.387517, 5.000000
0.549599, 0.809662, 2.000000
0.531344, 0.820989, 2.000000
0.298388, 0.226443, 0.000000
0.281314, 0.501332, 1.000000
0.816262, 0.849620, 4.000000
0.743316, 0.878599, 4.000000
0.637007, 0.515644, 7.000000
0.118894, 0.384950, 0.000000
0.916184, 0.360067, 8.000000
0.452832, 0.566129, 7.000000
0.797243, 0.606844, 3.000000
0.781181, 0.908470, 4.000000
0.624515, 0.338546, 5.000000
0.463660, 0.271446, 0.000000
0.357700, 0.651071, 1.000000
0.916279, 0.348885, 8.000000
0.530427, 0.277636, 5.000000
0.794809, 0.247828, 9.000000
0.894316, 0.367197, 8.000000
0.557082, 0.770839, 2.000000
0.754216, 0.876207, 4.000000
0.930420, 0.361715, 8.000000
0.817045, 0.503394, 3.000000
0.273568, 0.832261, 6.000000
0.231648, 0.723200, 1.000000
0.816501, 0.707755, 4.000000
0.799905, 0.383198, 8.000000
0.905690, 0.420933, 8.000000
0.332115, 0.633534, 1.000000
0.760217, 0.781821, 4.000000
0.571408, 0.834657, 2.000000
0.749935, 0.240474, 9.000000
0.500155, 0.803475, 2.000000
0.132527, 0.353814, 0.000000
0.784733, 0.508666, 3.000000
0.831633, 0.176262, 9.000000
0.475799, 0.511494, 7.000000
0.580755, 0.840465, 2.000000
0.509944, 0.816323, 2.000000
0.436839, 0.574153, 7.000000
0.386850, 0.317383, 0.000000
0.547219, 0.862858, 2.000000
0.881751, 0.442063, 8.000000
0.263527, 0.777546, 6.000000
0.207098, 0.807759, 6.000000
0.796057, 0.214275, 9.000000
0.573460, 0.642975, 7.000000
0.147836, 0.620245, 1.000000
0.761111, 0.412675, 8.000000
0.836705, 0.535935, 3.000000
0.530044, 0.557679, 7.000000
0.824878, 0.250385, 9.000000
0.768407, 0.838684, 4.000000
0.786877, 0.262701, 9.000000
0.850274, 0.554830, 3.000000
0.314019, 0.551781, 1.000000
0.849829, 0.916184, 4.000000
0.569077, 0.369600, 5.000000
0.745204, 0.868531, 4.000000
0.791981, 0.143539, 9.000000
0.542571, 0.750178, 2.000000
0.543568, 0.489076, 7.000000
0.566725, 0.529241, 7.000000
0.711860, 0.829640, 4.000000
0.494921, 0.301202, 5.000000
0.768820, 0.412660, 8.000000
0.730537, 0.897928, 4.000000
0.544895, 0.788587, 2.000000
0.788304, 0.219927, 9.000000
0.303367, 0.573289, 1.000000
0.429439, 0.379470, 0.000000
0.782532, 0.422203, 8.000000
0.777101, 0.619974, 3.000000
0.218930, 0.804523, 6.000000
0.823056, 0.156028, 9.000000
0.537122, 0.540761, 7.000000
0.594399, 0.816881, 2.000000
0.779193, 0.569883, 3.000000
0.865170, 0.411032, 8.000000
0.838225, 0.613100, 3.000000
0.528528, 0.783180, 2.000000
0.792720, 0.530218, 3.000000
0.822652, 0.514500, 3.000000
0.567758, 0.856063, 2.000000
0.517370, 0.823329, 2.000000
0.858384, 0.723355, 4.000000
0.799723, 0.333934, 8.000000
0.227012, 0.681160, 1.000000
0.794146, 0.520726, 3.000000
0.248800, 0.079991, 0.000000
0.137555, 0.594877, 1.000000
0.771100, 0.193558, 9.000000
0.502422, 0.780091, 2.000000
0.790249, 0.140976, 9.000000
0.472099, 0.306143, 5.000000
0.853906, 0.455642, 8.000000
0.526835, 0.579863, 7.000000
0.529417, 0.752699, 2.000000
0.399571, 0.212506, 0.000000
0.487554, 0.769772, 2.000000
0.231326, 0.133310, 0.000000
0.080592, 0.243063, 0.000000
0.357426, 0.239478, 0.000000
0.589784, 0.342500, 5.000000
0.783601, 0.810175, 4.000000
0.744128, 0.765209, 4.000000
0.486272, 0.522194, 7.000000
0.278142, 0.736093, 6.000000
0.861005, 0.430998, 8.000000
0.776407, 0.204277, 9.000000
0.456271, 0.224191, 0.000000
0.531162, 0.645517, 7.000000
0.509860, 0.796160, 2.000000
0.214178, 0.546374, 1.000000
0.514531, 0.575498, 7.000000
0.205824, 0.809509, 6.000000
0.834236, 0.202913, 9.000000
0.830148, 0.739633, 4.000000
0.542851, 0.764084, 2.000000
0.505514, 0.471027, 7.000000
0.809691, 0.800693, 4.000000
0.636516, 0.312138, 5.000000
0.835679, 0.250446, 9.000000
0.232308, 0.457680, 0.000000
0.352583, 0.670085, 1.000000
0.491200, 0.749418, 2.000000
0.612897, 0.216887, 5.000000
0.350968, 0.499549, 1.000000
0.262470, 0.786844, 6.000000
0.770592, 0.238296, 9.000000
0.353575, 0.523401, 1.000000
0.382160, 0.612428, 1.000000
0.750529, 0.183083, 9.000000
0.526921, 0.863946, 2.000000
0.854008, 0.269591, 8.000000
0.566240, 0.305911, 5.000000
0.746745, 0.827733, 4.000000
0.774837, 0.576379, 3.000000
0.580332, 0.810555, 2.000000
0.743022, 0.180460, 9.000000
0.908716, 0.429447, 8.000000
0.333074, 0.794937, 6.000000
0.245999, 0.788092, 6.000000
0.352497, 0.242386, 0.000000
0.789736, 0.618935, 3.000000
0.772696, 0.249925, 9.000000
0.499142, 0.594123, 7.000000
0.577427, 0.833083, 2.000000
0.764963, 0.565270, 3.000000
0.855365, 0.575285, 3.000000
0.262912, 0.831791, 6.000000
0.793639, 0.455998, 8.000000
0.811853, 0.342614, 8.000000
0.486264, 0.590277, 7.000000
0.865309, 0.370318, 8.000000
0.626501, 0.216093, 5.000000
0.772139, 0.223523, 9.000000
0.901729, 0.789644, 4.000000
0.263072, 0.841454, 6.000000
0.795441, 0.175883, 9.000000
0.751878, 0.225265, 9.000000
0.245031, 0.522123, 1.000000
0.309697, 0.752327, 6.000000
0.817607, 0.460832, 8.000000
0.761838, 0.551432, 3.000000
0.302097, 0.804354, 6.000000
0.834614, 0.553509, 3.000000
0.780238, 0.290614, 8.000000
0.819679, 0.521367, 3.000000
0.439714, 0.312468, 0.000000
0.918622, 0.394977, 8.000000
0.289479, 0.841385, 6.000000
0.159866, 0.551622, 1.000000
0.866002, 0.196957, 9.000000
0.271072, 0.729076, 1.000000
0.833338, 0.911147, 4.000000
0.645473, 0.335152, 5.000000
0.346370, 0.602332, 1.000000
0.711416, 0.862935, 4.000000
0.257866, 0.315963, 0.000000
0.342837, 0.706562, 1.000000
0.763917, 0.334381, 8.000000
0.513797, 0.399221, 5.000000
0.454584, 0.627250, 7.000000
0.837830, 0.235044, 9.000000
0.759199, 0.689410, 4.000000
0.801747, 0.166092, 9.000000
0.896981, 0.771855, 4.000000
0.760827, 0.247903, 9.000000
0.761027, 0.400693, 8.000000
0.091168, 0.264345, 0.000000
0.564508, 0.455643, 7.000000
0.743130, 0.548643, 3.000000
0.908570, 0.814658, 4.000000
0.338327, 0.592312, 1.000000
0.339419, 0.624172, 1.000000
0.835644, 0.554289, 3.000000
0.894454, 0.376256, 8.000000
0.880123, 0.433121, 8.000000
0.814167, 0.184355, 9.000000
0.545727, 0.757794, 2.000000
0.219921, 0.755468, 6.000000
0.289249, 0.079946, 0.000000
0.508767, 0.585422, 7.000000
0.229695, 0.484914, 1.000000
0.848559, 0.269538, 8.000000
0.850856, 0.212084, 9.000000
0.318771, 0.161932, 0.000000
0.923263, 0.405664, 8.000000
0.201870, 0.446480, 0.000000
0.492864, 0.377379, 5.000000
0.271482, 0.758065, 6.000000
0.591327, 0.364400, 5.000000
0.519233, 0.753449, 2.000000
0.810816, 0.145522, 9.000000
0.196795, 0.642048, 1.000000
0.254750, 0.834250, 6.000000
0.746980, 0.538556, 3.000000
0.228041, 0.307138, 0.000000
0.504460, 0.459851, 7.000000
0.465144, 0.545334, 7.000000
0.710484, 0.269305, 5.000000
0.501508, 0.749872, 2.000000
0.710187, 0.259572, 5.000000
0.269699, 0.189941, 0.000000
0.293714, 0.407782, 0.000000
0.588182, 0.810532, 2.000000
0.766672, 0.365664, 8.000000
0.539865, 0.388657, 5.000000
0.303678, 0.665500, 1.000000
0.672597, 0.280417, 5.000000
0.761170, 0.164668, 9.000000
0.805937, 0.137484, 9.000000
0.812150, 0.605098, 3.000000
0.912984, 0.730422, 4.000000
0.283680, 0.587415, 1.000000
0.572468, 0.247076, 5.000000
0.265262, 0.823251, 6.000000
0.328411, 0.334357, 0.000000
0.371761, 0.633782, 1.000000
0.246837, 0.644633, 1.000000
0.533447, 0.766331, 2.000000
0.845753, 0.183269, 9.000000
0.781705, 0.578476, 3.000000
0.507511, 0.760934, 2.000000
0.896592, 0.714589, 4.000000
0.596479, 0.635355, 7.000000
0.787834, 0.621280, 3.000000
0.234339, 0.477137, 1.000000
0.297085, 0.749039, 6.000000
0.908296, 0.737250, 4.000000
0.482093, 0.791361, 2.000000
0.556121, 0.421426, 5.000000
0.738797, 0.216239, 9.000000
0.794948, 0.287818, 8.000000
0.786014, 0.540638, 3.000000
0.825381, 0.356702, 8.000000
0.745144, 0.913828, 4.000000
0.860774, 0.873878, 4.000000
0.646886, 0.609909, 7.000000
0.545855, 0.796493, 2.000000
0.202482, 0.787130, 6.000000
0.796190, 0.415293, 8.000000
0.765676, 0.608448, 3.000000
0.864902, 0.212561, 9.000000
0.309765, 0.611751, 1.000000
0.556495, 0.761931, 2.000000
0.575680, 0.779949, 2.000000
0.210141, 0.781243, 6.000000
0.849073, 0.214428, 9.000000
0.198441, 0.549590, 1.000000
0.512052, 0.483655, 7.000000
0.607798, 0.556912, 7.000000
0.207918, 0.778457, 6.000000
0.631458, 0.502869, 7.000000
0.176961, 0.643334, 1.000000
0.821483, 0.197638, 9.000000
0.806206, 0.368208, 8.000000
0.628679, 0.503170, 7.000000
0.458989, 0.567398, 7.000000
0.550434, 0.613236, 7.000000
0.847311, 0.744648, 4.000000
0.645808, 0.235968, 5.000000
0.890688, 0.284850, 8.000000
0.825672, 0.759905, 4.000000
0.370299, 0.209472, 0.000000
0.779937, 0.150559, 9.000000
0.129387, 0.225030, 0.000000
0.802307, 0.583974, 3.000000
0.763007, 0.542887, 3.000000
0.497566, 0.632753, 7.000000
0.264680, 0.307053, 0.000000
0.546441, 0.461794, 7.000000
0.510453, 0.445405, 7.000000
0.745948, 0.167241, 9.000000
0.624681, 0.299772, 5.000000
0.316175, 0.496508, 1.000000
0.824064, 0.583866, 3.000000
0.513060, 0.479282, 7.000000
0.822303, 0.187587, 9.000000
0.869004, 0.774204, 4.000000
0.783574, 0.175218, 9.000000
0.316891, 0.504872, 1.000000
0.234710, 0.828871, 6.000000
0.837663, 0.531990, 3.000000
0.806425, 0.214023, 9.000000
0.233226, 0.648153, 1.000000
0.588155, 0.194880, 5.000000
0.781559, 0.281753, 8.000000
0.802138, 0.449173, 8.000000
0.854013, 0.366714, 8.000000
0.504089, 0.765380, 2.000000
0.301653, 0.496363, 1.000000
0.181436, 0.589241, 1.000000
0.915595, 0.770724, 4.000000
0.545932, 0.531627, 7.000000
0.322232, 0.346362, 0.000000
0.220882, 0.514583, 1.000000
0.807962, 0.930376, 4.000000
0.418294, 0.519383, 7.000000
0.707178, 0.844530, 4.000000
0.530200, 0.350399, 5.000000
0.276838, 0.817585, 6.000000
0.816092, 0.452768, 8.000000
0.826612, 0.508293, 3.000000
0.296837, 0.808612, 6.000000
0.851763, 0.703676, 4.000000
0.833998, 0.384759, 8.000000
0.809463, 0.539294, 3.000000
0.628637, 0.556403, 7.000000
0.360758, 0.684503, 1.000000
0.352580, 0.670683, 1.000000
0.588345, 0.214355, 5.000000
0.834290, 0.152610, 9.000000
0.155800, 0.255882, 0.000000
0.777195, 0.859926, 4.000000
0.778035, 0.228723, 9.000000
0.370161, 0.418627, 0.000000
0.558546, 0.777665, 2.000000
0.554570, 0.744380, 2.000000
0.804627, 0.222186, 9.000000
0.519976, 0.624165, 7.000000
0.211629, 0.606408, 1.000000
0.198944, 0.633656, 1.000000
0.370133, 0.336151, 0.000000
0.850498, 0.689865, 4.000000
0.345261, 0.132980, 0.000000
0.578349, 0.763123, 2.000000
0.866037, 0.368530, 8.000000
0.214994, 0.553757, 1.000000
0.766267, 0.611258, 3.000000
0.322384, 0.550457, 1.000000
0.807269, 0.170514, 9.000000
0.565111, 0.854157, 2.000000
0.285753, 0.796841, 6.000000
0.421576, 0.516907, 7.000000
0.696564, 0.781115, 4.000000
0.850659, 0.904571, 4.000000
0.228988, 0.679104, 1.000000
0.291537, 0.084567, 0.000000
0.718456, 0.358123, 5.000000
0.486670, 0.617243, 7.000000
0.569852, 0.846618, 2.000000
0.909141, 0.396144, 8.000000
0.898859, 0.322125, 8.000000
0.585008, 0.481196, 7.000000
0.519990, 0.847464, 2.000000
0.831552, 0.203130, 9.000000
0.846510, 0.575044, 3.000000
0.565017, 0.180338, 5.000000
0.329622, 0.783108, 6.000000
0.755606, 0.372654, 8.000000
0.422026, 0.255998, 0.000000
0.867027, 0.414319, 8.000000
0.645879, 0.543025, 7.000000
0.893284, 0.410967, 8.000000
0.725549, 0.794184, 4.000000
0.834570, 0.515332, 3.000000
0.753266, 0.588593, 3.000000
0.790692, 0.172686, 9.000000
0.808296, 0.226649, 9.000000
0.207924, 0.803492, 6.000000
0.236253, 0.804501, 6.000000
0.250279, 0.673794, 1.000000
0.853823, 0.916785, 4.000000
0.898771, 0.765528, 4.000000
0.378197, 0.662280, 1.000000
0.822574, 0.887017, 4.000000
0.829756, 0.533005, 3.000000
0.832897, 0.165012, 9.000000
0.280197, 0.836992, 6.000000
0.892674, 0.826573, 4.000000
0.282825, 0.702024, 1.000000
0.878550, 0.401665, 8.000000
0.409440, 0.397436, 0.000000
0.263330, 0.723795, 1.000000
0.219571, 0.762424, 6.000000
0.842624, 0.236521, 9.000000
0.636236, 0.192973, 5.000000
0.344297, 0.115906, 0.000000
0.441196, 0.591549, 7.000000
0.699051, 0.247885, 5.000000
0.247728, 0.740106, 6.000000
0.234502, 0.404502, 0.000000
0.517599, 0.836528, 2.000000
0.587043, 0.409476, 5.000000
0.237927, 0.585185, 1.000000
0.278190, 0.594377, 1.000000
0.622347, 0.266175, 5.000000
0.843070, 0.211780, 9.000000
0.328632, 0.545730, 1.000000
0.387163, 0.611372, 1.000000
0.899422, 0.839638, 4.000000
0.301292, 0.854758, 6.000000
0.574590, 0.662198, 7.000000
0.247786, 0.262807, 0.000000
0.788097, 0.147828, 9.000000
0.871298, 0.872534, 4.000000
0.920551, 0.365680, 8.000000
0.555771, 0.822484, 2.000000
0.829565, 0.250956, 9.000000
0.649762, 0.369854, 5.000000
0.222362, 0.723148, 1.000000
0.782222, 0.204469, 9.000000
0.257963, 0.596942, 1.000000
0.230383, 0.492671, 1.000000
0.243255, 0.472744, 1.000000
0.526973, 0.744217, 2.000000
0.774134, 0.598293, 3.000000
0.296024, 0.856035, 6.000000
0.824453, 0.352607, 8.000000
0.778653, 0.683331, 4.000000
0.693018, 0.798808, 4.000000
0.765064, 0.356663, 8.000000
0.516411, 0.849018, 2.000000
0.629584, 0.346274, 5.000000
0.790110, 0.886545, 4.000000
0.292738, 0.604168, 1.000000
0.526596, 0.755197, 2.000000
0.923684, 0.827826, 4.000000
0.198107, 0.563702, 1.000000
0.826659, 0.425467, 8.000000
0.134800, 0.391019, 0.000000
0.732226, 0.301325, 5.000000
0.306621, 0.489300, 1.000000
0.630179, 0.553725, 7.000000
0.847677, 0.586721, 3.000000
0.808012, 0.913050, 4.000000
0.787077, 0.253716, 9.000000
0.571302, 0.560598, 7.000000
0.263202, 0.459867, 0.000000
0.533303, 0.567811, 7.000000
0.606325, 0.630978, 7.000000
0.762835, 0.549700, 3.000000
0.205545, 0.801063, 6.000000
0.808542, 0.542856, 3.000000
0.448667, 0.556817, 7.000000
0.293337, 0.804602, 6.000000
0.748733, 0.570991, 3.000000
0.206468, 0.804379, 6.000000
0.157094, 0.544178, 1.000000
0.643034, 0.544460, 7.000000
0.496129, 0.841840, 2.000000
0.782171, 0.593256, 3.000000
0.800908, 0.236048, 9.000000
0.533215, 0.311273, 5.000000
0.790336, 0.388002, 8.000000
0.315291, 0.792212, 6.000000
0.322782, 0.788179, 6.000000
0.876485, 0.821629, 4.000000
0.293015, 0.659350, 1.000000
0.485045, 0.481843, 7.000000
0.811276, 0.409342, 8.000000
0.615485, 0.581948, 7.000000
0.693131, 0.868746, 4.000000
0.759162, 0.514416, 3.000000
0.805016, 0.545972, 3.000000
0.559471, 0.691992, 7.000000
0.299417, 0.708627, 1.000000
0.297404, 0.531147, 1.000000
0.572181, 0.306421, 5.000000
0.222732, 0.778494, 6.000000
0.476463, 0.776903, 2.000000
0.414433, 0.624269, 7.000000
0.841679, 0.368445, 8.000000
0.600806, 0.374406, 5.000000
0.528372, 0.762710, 2.000000
0.657186, 0.196283, 5.000000
0.776659, 0.397236, 8.000000
0.847447, 0.226266, 9.000000
0.679307, 0.293726, 5.000000
0.240851, 0.112327, 0.000000
0.575117, 0.749192, 2.000000
0.791631, 0.196070, 9.000000
0.492091, 0.754475, 2.000000
0.556299, 0.288714, 5.000000
0.210574, 0.766802, 6.000000
0.761641, 0.147063, 9.000000
0.670271, 0.242148, 5.000000
0.320731, 0.307032, 0.000000
0.483041, 0.507430, 7.000000
0.226069, 0.791840, 6.000000
0.209164, 0.770412, 6.000000
0.283256, 0.794864, 6.000000
0.713443, 0.337089, 5.000000
0.792804, 0.867206, 4.000000
0.435477, 0.605592, 7.000000
0.457562, 0.220232, 0.000000
0.520021, 0.797443, 2.000000
0.745180, 0.167736, 9.000000
0.830683, 0.543753, 3.000000
0.800478, 0.848278, 4.000000
0.510529, 0.805392, 2.000000
0.848964, 0.223977, 9.000000
0.198301, 0.346517, 0.000000
0.433597, 0.651777, 7.000000
0.264856, 0.733528, 6.000000
0.258396, 0.816691, 6.000000
0.816581, 0.175131, 9.000000
0.226993, 0.792645, 6.000000
0.487940, 0.288301, 5.000000
0.169158, 0.665133, 1.000000
0.797086, 0.235378, 9.000000
0.839826, 0.535722, 3.000000
0.205238, 0.565380, 1.000000
0.838341, 0.719487, 4.000000
0.782261, 0.157286, 9.000000
0.813544, 0.435891, 8.000000
0.308215, 0.770432, 6.000000
0.080313, 0.225709, 0.000000
0.247812, 0.150768, 0.000000
0.683297, 0.861688, 4.000000
0.742286, 0.548750, 3.000000
0.238310, 0.747305, 6.000000
0.758760, 0.777244, 4.000000
0.888137, 0.332236, 8.000000
0.652332, 0.208903, 5.000000
0.639928, 0.295205, 5.000000
0.477168, 0.798195, 2.000000
0.788535, 0.735152, 4.000000
0.341510, 0.490426, 1.000000
0.580269, 0.384607, 5.000000
0.580435, 0.423496, 5.000000
0.566382, 0.355132, 5.000000
0.147132, 0.542371, 1.000000
0.505476, 0.597821, 7.000000
0.848049, 0.391723, 8.000000
0.294361, 0.755268, 6.000000
0.798521, 0.225077, 9.000000
0.803628, 0.801702, 4.000000
0.532891, 0.846239, 2.000000
0.884010, 0.340694, 8.000000
0.806404, 0.244254, 9.000000
0.524746, 0.858109, 2.000000
0.758922, 0.545700, 3.000000
0.780562, 0.225578, 9.000000
0.565625, 0.823711, 2.000000
0.781118, 0.626580, 3.000000
0.791225, 0.502474, 3.000000
0.684062, 0.382161, 5.000000
0.804711, 0.845605, 4.000000
0.207641, 0.654296, 1.000000
0.766251, 0.205906, 9.000000
0.833528, 0.276355, 8.000000
0.551632, 0.843186, 2.000000
0.260363, 0.512202, 1.000000
0.661112, 0.190325, 5.000000
0.149978, 0.171165, 0.000000
0.790031, 0.198027, 9.000000
0.520165, 0.791932, 2.000000
0.648583, 0.588868, 7.000000
0.800382, 0.828127, 4.000000
0.233815, 0.652405, 1.000000
0.494098, 0.852320, 2.000000
0.837004, 0.324276, 8.000000
0.402638, 0.271376, 0.000000
0.928464, 0.387998, 8.000000
0.762942, 0.245454, 9.000000
0.769449, 0.219579, 9.000000
0.425975, 0.296642, 0.000000
0.847698, 0.700649, 4.000000
0.244312, 0.486394, 1.000000
0.685640, 0.355313, 5.000000
0.294396, 0.769557, 6.000000
0.754670, 0.589202, 3.000000
0.877672, 0.390609, 8.000000
0.460736, 0.521170, 7.000000
0.406912, 0.130962, 0.000000
0.260401, 0.806036, 6.000000
0.829197, 0.246644, 9.000000
0.672008, 0.771637, 4.000000
0.245739, 0.422721, 0.000000
0.148203, 0.221031, 0.000000
0.117498, 0.256149, 0.000000
0.451407, 0.538069, 7.000000
0.441253, 0.653098, 7.000000
0.320188, 0.814921, 6.000000
0.803817, 0.312786, 8.000000
0.782056, 0.689709, 4.000000
0.331168, 0.512756, 1.000000
0.494624, 0.756741, 2.000000
0.819244, 0.228042, 9.000000
0.801453, 0.532838, 3.000000
0.556212, 0.673354, 7.000000
0.737451, 0.347372, 8.000000
0.256794, 0.846128, 6.000000
0.546887, 0.834775, 2.000000
0.740019, 0.214744, 9.000000
0.811158, 0.630300, 3.000000
0.611239, 0.329026, 5.000000
0.219292, 0.773568, 6.000000
0.842003, 0.267375, 8.000000
0.888556, 0.883566, 4.000000
0.287629, 0.843178, 6.000000
0.770976, 0.174275, 9.000000
0.886687, 0.413786, 8.000000
0.892429, 0.360355, 8.000000
0.776139, 0.439215, 8.000000
0.402721, 0.544866, 7.000000
0.795030, 0.784637, 4.000000
0.813570, 0.412317, 8.000000
0.630267, 0.319113, 5.000000
0.743389, 0.837936, 4.000000
0.923745, 0.754798, 4.000000
0.376356, 0.660488, 1.000000
0.564075, 0.340291, 5.000000
0.563760, 0.485297, 7.000000
0.406837, 0.539095, 7.000000
0.801173, 0.413515, 8.000000
0.868106, 0.851641, 4.000000
0.631925, 0.273509, 5.000000
0.237661, 0.397611, 0.000000
0.240867, 0.484808, 1.000000
0.294689, 0.497707, 1.000000
0.517367, 0.529443, 7.000000
0.409688, 0.560412, 7.000000
0.837738, 0.674567, 4.000000
0.643187, 0.236656, 5.000000
0.761026, 0.811348, 4.000000
0.900015, 0.372695, 8.000000
0.293948, 0.739323, 6.000000
0.291462, 0.741270, 6.000000
0.787977, 0.698186, 4.000000
0.837077, 0.342839, 8.000000
0.809951, 0.692072, 4.000000
0.555263, 0.328578, 5.000000
0.425740, 0.219046, 0.000000
0.461494, 0.524611, 7.000000
0.784634, 0.613234, 3.000000
0.599506, 0.551447, 7.000000
0.284110, 0.801183, 6.000000
0.788009, 0.228918, 9.000000
0.496243, 0.747567, 2.000000
0.558814, 0.390650, 5.000000
0.280210, 0.841006, 6.000000
0.275575, 0.760224, 6.000000
0.822171, 0.707564, 4.000000
0.835003, 0.673699, 4.000000
0.758530, 0.429465, 8.000000
0.548632, 0.201553, 5.000000
0.790801, 0.234597, 9.000000
0.817219, 0.257061, 9.000000
0.530556, 0.391845, 5.000000
0.701012, 0.820753, 4.000000
0.523913, 0.570769, 7.000000
0.808449, 0.515325, 3.000000
0.226226, 0.198205, 0.000000
0.634996, 0.555639, 7.000000
0.780818, 0.754668, 4.000000
0.217552, 0.785445, 6.000000
0.821469, 0.210635, 9.000000
0.211609, 0.563613, 1.000000
0.234588, 0.802175, 6.000000
0.829629, 0.715280, 4.000000
0.858173, 0.900488, 4.000000
0.653102, 0.408770, 5.000000
0.841462, 0.895441, 4.000000
0.568704, 0.554287, 7.000000
0.857401, 0.851775, 4.000000
0.889772, 0.860587, 4.000000
0.762998, 0.518226, 3.000000
0.555403, 0.784897, 2.000000
0.561578, 0.799994, 2.000000
0.777131, 0.572270, 3.000000
0.885366, 0.895860, 4.000000
0.316952, 0.232163, 0.000000
0.756991, 0.771231, 4.000000
0.552627, 0.264180, 5.000000
0.767521, 0.564541, 3.000000
0.556201, 0.778451, 2.000000
0.213355, 0.646327, 1.000000
0.537387, 0.769668, 2.000000
0.778372, 0.560984, 3.000000
0.325405, 0.546096, 1.000000
0.747203, 0.561801, 3.000000
0.333056, 0.515552, 1.000000
0.202964, 0.105145, 0.000000
0.822272, 0.396975, 8.000000
0.265679, 0.790157, 6.000000
0.771656, 0.393666, 8.000000
0.535180, 0.804364, 2.000000
0.793573, 0.261752, 9.000000
0.788092, 0.238633, 9.000000
0.392848, 0.589664, 1.000000
0.771446, 0.614740, 3.000000
0.187461, 0.573398, 1.000000
0.146072, 0.601998, 1.000000
0.547113, 0.750557, 2.000000
0.749802, 0.591118, 3.000000
0.763732, 0.245946, 9.000000
0.318839, 0.420221, 0.000000
0.395371, 0.599959, 1.000000
0.551978, 0.831521, 2.000000
0.762779, 0.681647, 4.000000
0.827478, 0.319227, 8.000000
0.787116, 0.167065, 9.000000
0.870526, 0.786373, 4.000000
0.783255, 0.580771, 3.000000
0.909961, 0.764206, 4.000000
0.738030, 0.381724, 8.000000
0.600483, 0.598053, 7.000000
0.791418, 0.621696, 3.000000
0.863959, 0.450152, 8.000000
0.802306, 0.627187, 3.000000
0.812309, 0.529610, 3.000000
0.218807, 0.240959, 0.000000
0.794524, 0.619419, 3.000000
0.852965, 0.224013, 9.000000
0.656129, 0.520209, 7.000000
0.491713, 0.545104, 7.000000
0.520011, 0.735699, 2.000000
0.215252, 0.821115, 6.000000
0.768249, 0.622800, 3.000000
0.298419, 0.144089, 0.000000
0.318034, 0.840469, 6.000000
0.760050, 0.206584, 9.000000
0.800630, 0.845496, 4.000000
0.546814, 0.581743, 7.000000
0.129557, 0.142182, 0.000000
0.381039, 0.575790, 1.000000
0.863921, 0.203139, 9.000000
0.537951, 0.273312, 5.000000
0.775440, 0.575597, 3.000000
0.927972, 0.834912, 4.000000
0.766930, 0.514777, 3.000000
0.838199, 0.285554, 8.000000
0.822218, 0.743887, 4.000000
0.616838, 0.253132, 5.000000
0.789409, 0.237767, 9.000000
0.424309, 0.225093, 0.000000
0.342401, 0.653753, 1.000000
0.376532, 0.146211, 0.000000
0.846262, 0.608525, 3.000000
0.470122, 0.796617, 2.000000
0.275660, 0.809385, 6.000000
0.392674, 0.409223, 0.000000
0.851853, 0.310387, 8.000000
0.828690, 0.585813, 3.000000
0.552173, 0.758280, 2.000000
0.673055, 0.766014, 4.000000
0.218388, 0.147151, 0.000000
0.477626, 0.798706, 2.000000
0.103184, 0.201495, 0.000000
0.234656, 0.400771, 0.000000
0.883169, 0.347544, 8.000000
0.629486, 0.230116, 5.000000
0.237229, 0.768803, 6.000000
0.583199, 0.454184, 7.000000
0.379880, 0.643700, 1.000000
0.572869, 0.834720, 2.000000
0.233244, 0.815864, 6.000000
0.782340, 0.566582, 3.000000
0.783877, 0.249589, 9.000000
0.786532, 0.160648, 9.000000
0.322599, 0.766733, 6.000000
0.280953, 0.563679, 1.000000
0.782977, 0.156397, 9.000000
0.322078, 0.342309, 0.000000
0.294227, 0.810881, 6.000000
0.751574, 0.540884, 3.000000
0.790000, 0.626703, 3.000000
0.483913, 0.806807, 2.000000
0.747396, 0.798464, 4.000000
0.529031, 0.758473, 2.000000
0.751364, 0.232771, 9.000000
0.501131, 0.359126, 5.000000
0.797886, 0.542241, 3.000000
0.845092, 0.311643, 8.000000
0.216560, 0.831211, 6.000000
0.605641, 0.611767, 7.000000
0.598374, 0.389857, 5.000000
0.893348, 0.381725, 8.000000
0.828030, 0.533485, 3.000000
0.564974, 0.516131, 7.000000
0.567863, 0.818094, 2.000000
0.412919, 0.190217, 0.000000
0.833252, 0.682100, 4.000000
0.287902, 0.737576, 6.000000
0.512458, 0.744584, 2.000000
0.804103, 0.584680, 3.000000
0.599792, 0.565772, 7.000000
0.225050, 0.780277, 6.000000
0.301221, 0.855789, 6.000000
0.536910, 0.856044, 2.000000
0.858116, 0.420063, 8.000000
0.336984, 0.129265, 0.000000
0.536435, 0.736217, 2.000000
0.128707, 0.204437, 0.000000
0.496091, 0.809993, 2.000000
0.306483, 0.333042, 0.000000
0.828178, 0.516391, 3.000000
0.211420, 0.498437, 1.000000
0.903167, 0.436029, 8.000000
0.360433, 0.418972, 0.000000
0.382793, 0.553146, 1.000000
0.838658, 0.519248, 3.000000
0.222095, 0.776993, 6.000000
0.802115, 0.619069, 3.000000
0.243166, 0.517604, 1.000000
0.227005, 0.747891, 6.000000
0.311307, 0.629552, 1.000000
0.320972, 0.512357, 1.000000
0.774321, 0.343908, 8.000000
0.787262, 0.335073, 8.000000
0.309443, 0.681498, 1.000000
0.723285, 0.834195, 4.000000
0.529385, 0.824270, 2.000000
0.521564, 0.744098, 2.000000
0.563147, 0.283704, 5.000000
0.250465, 0.288218, 0.000000
0.579661, 0.777715, 2.000000
0.644616, 0.531198, 7.000000
0.226024, 0.769736, 6.000000
0.850840, 0.306880, 8.000000
0.303323, 0.803160, 6.000000
0.484403, 0.773224, 2.000000
0.510060, 0.762736, 2.000000
0.190759, 0.643852, 1.000000
0.535071, 0.371152, 5.000000
0.567046, 0.574322, 7.000000
0.778238, 0.924369, 4.000000
0.329805, 0.711871, 1.000000
0.796096, 0.623454, 3.000000
0.543113, 0.759113, 2.000000
0.805996, 0.210155, 9.000000
0.751326, 0.183707, 9.000000
0.853204, 0.368398, 8.000000
0.799002, 0.139324, 9.000000
0.351663, 0.564664, 1.000000
0.800100, 0.193590, 9.000000
0.094639, 0.365554, 0.000000
0.789164, 0.238949, 9.000000
0.817721, 0.620828, 3.000000
0.908813, 0.352224, 8.000000
0.827588, 0.192132, 9.000000
0.297996, 0.255134, 0.000000
0.776074, 0.209055, 9.000000
0.714171, 0.710965, 4.000000
0.478002, 0.492085, 7.000000
0.647860, 0.567917, 7.000000
0.378468, 0.311908, 0.000000
0.836493, 0.546674, 3.000000
0.685073, 0.227062, 5.000000
0.798699, 0.805761, 4.000000
0.776788, 0.442962, 8.000000
0.495307, 0.851603, 2.000000
0.295491, 0.820371, 6.000000
0.505864, 0.213101, 5.000000
0.539673, 0.745293, 2.000000
0.779329, 0.521301, 3.000000
0.141842, 0.639475, 1.000000
0.771124, 0.202954, 9.000000
0.267691, 0.613414, 1.000000
0.866215, 0.742728, 4.000000
0.310483, 0.796689, 6.000000
0.253017, 0.764677, 6.000000
0.899620, 0.724231, 4.000000
0.795053, 0.616414, 3.000000
0.299603, 0.742332, 6.000000
0.820140, 0.562388, 3.000000
0.785382, 0.599685, 3.000000
0.929958, 0.789051, 4.000000
0.493919, 0.797071, 2.000000
0.343635, 0.233966, 0.000000
0.210850, 0.297057, 0.000000
0.509519, 0.631574, 7.000000
0.809318, 0.628241, 3.000000
0.582015, 0.167890, 5.000000
0.855899, 0.550013, 3.000000
0.849852, 0.592386, 3.000000
0.811683, 0.388889, 8.000000
0.559510, 0.244806, 5.000000
0.531277, 0.389594, 5.000000
0.644723, 0.188471, 5.000000
0.487819, 0.479702, 7.000000
0.354284, 0.160950, 0.000000
0.261721, 0.864504, 6.000000
0.399843, 0.352274, 0.000000
0.467766, 0.550379, 7.000000
0.744590, 0.368911, 8.000000
0.791539, 0.246261, 9.000000
0.746941, 0.588798, 3.000000
0.793504, 0.817945, 4.000000
0.831368, 0.277050, 8.000000
0.254290, 0.297104, 0.000000
0.704801, 0.884323, 4.000000
0.576651, 0.774270, 2.000000
0.584331, 0.679045, 7.000000
0.234734, 0.506980, 1.000000
0.776832, 0.233384, 9.000000
0.499012, 0.255525, 5.000000
0.586616, 0.504040, 7.000000
0.277775, 0.525887, 1.000000
0.787180, 0.619631, 3.000000
0.322115, 0.552336, 1.000000
0.772530, 0.857033, 4.000000
0.293135, 0.438515, 0.000000
0.610698, 0.281780, 5.000000
0.263756, 0.608735, 1.000000
0.765844, 0.199253, 9.000000
0.864922, 0.768121, 4.000000
0.418512, 0.547661, 7.000000
0.767239, 0.381358, 8.000000
0.857573, 0.770048, 4.000000
0.534498, 0.829654, 2.000000
0.754702, 0.405429, 8.000000
0.399598, 0.412813, 0.000000
0.915140, 0.333127, 8.000000
0.542037, 0.642925, 7.000000
0.794292, 0.537171, 3.000000
0.864757, 0.440673, 8.000000
0.118470, 0.302075, 0.000000
0.188504, 0.579162, 1.000000
0.311951, 0.791772, 6.000000
0.403425, 0.179343, 0.000000
0.535700, 0.769272, 2.000000
0.687474, 0.729455, 4.000000
0.804158, 0.206081, 9.000000
0.288791, 0.763102, 6.000000
0.697003, 0.754535, 4.000000
0.236084, 0.491242, 1.000000
0.215438, 0.685821, 1.000000
0.868576, 0.853038, 4.000000
0.280565, 0.636744, 1.000000
0.819097, 0.373190, 8.000000
0.837753, 0.398020, 8.000000
0.434342, 0.525281, 7.000000
0.341607, 0.692244, 1.000000
0.185707, 0.687061, 1.000000
0.784028, 0.598027, 3.000000
0.803402, 0.622195, 3.000000
0.850205, 0.536183, 3.000000
0.245786, 0.794416, 6.000000
0.284252, 0.767037, 6.000000
0.595310, 0.646583, 7.000000
0.266627, 0.863082, 6.000000
0.781795, 0.255647, 9.000000
0.296664, 0.821642, 6.000000
0.771789, 0.313091, 8.000000
0.325177, 0.542681, 1.000000
0.277213, 0.627210, 1.000000
0.498090, 0.752664, 2.000000
0.242658, 0.255936, 0.000000
0.248519, 0.784898, 6.000000
0.500823, 0.820968, 2.000000
0.395743, 0.578528, 1.000000
0.865378, 0.782597, 4.000000
0.750670, 0.386891, 8.000000
0.683185, 0.785531, 4.000000
0.254860, 0.751245, 6.000000
0.327835, 0.373265, 0.000000
0.503464, 0.799376, 2.000000
0.071695, 0.243325, 0.000000
0.247110, 0.430678, 0.000000
0.305726, 0.715045, 1.000000
0.262394, 0.568481, 1.000000
0.267743, 0.805940, 6.000000
0.487257, 0.542548, 7.000000
0.563390, 0.766936, 2.000000
0.748884, 0.587546, 3.000000
0.331836, 0.165779, 0.000000
0.832111, 0.252200, 9.000000
0.742672, 0.546475, 3.000000
0.639387, 0.617460, 7.000000
0.843435, 0.551098, 3.000000
0.886974, 0.403450, 8.000000
0.880521, 0.744831, 4.000000
0.507497, 0.773445, 2.000000
0.636247, 0.346565, 5.000000
0.821207, 0.684215, 4.000000
0.767896, 0.225890, 9.000000
0.156474, 0.121566, 0.000000
0.613542, 0.522698, 7.000000
0.218344, 0.314376, 0.000000
0.212532, 0.242480, 0.000000
0.580995, 0.777352, 2.000000
0.875473, 0.393285, 8.000000
0.753139, 0.247159, 9.000000
0.787415, 0.750752, 4.000000
0.694335, 0.744226, 4.000000
0.308326, 0.158673, 0.000000
0.241858, 0.753141, 6.000000
0.227851, 0.763356, 6.000000
0.520818, 0.384861, 5.000000
0.821415, 0.881721, 4.000000
0.792855, 0.580576, 3.000000
0.803760, 0.586689, 3.000000
0.514608, 0.825697, 2.000000
0.203965, 0.695252, 1.000000
0.310611, 0.692853, 1.000000
0.195846, 0.305604, 0.000000
0.320034, 0.801746, 6.000000
0.500316, 0.496826, 7.000000
0.391220, 0.282092, 0.000000
0.813594, 0.328196, 8.000000
0.555545, 0.789598, 2.000000
0.556189, 0.417958, 5.000000
0.756588, 0.426055, 8.000000
0.782566, 0.234429, 9.000000
0.808714, 0.264475, 9.000000
0.891356, 0.359056, 8.000000
0.748217, 0.324188, 8.000000
0.504157, 0.794838, 2.000000
0.294207, 0.850382, 6.000000
0.622848, 0.385036, 5.000000
0.531655, 0.284699, 5.000000
0.500085, 0.853798, 2.000000
0.250733, 0.783028, 6.000000
0.482027, 0.840236, 2.000000
0.286628, 0.776321, 6.000000
0.875354, 0.340386, 8.000000
0.099208, 0.312061, 0.000000
0.895849, 0.393992, 8.000000
0.499789, 0.857395, 2.000000
0.381590, 0.633443, 1.000000
0.370955, 0.298679, 0.000000
0.744996, 0.193197, 9.000000
0.871074, 0.438781, 8.000000
0.501066, 0.853059, 2.000000
0.878971, 0.826778, 4.000000
0.489475, 0.479044, 7.000000
0.548328, 0.839795, 2.000000
0.901341, 0.763291, 4.000000
0.224873, 0.824235, 6.000000
0.318379, 0.676204, 1.000000
0.707561, 0.262414, 5.000000
0.550508, 0.838328, 2.000000
0.847512, 0.277002, 8.000000
0.280698, 0.415233, 0.000000
0.294846, 0.714461, 1.000000
0.622114, 0.394148, 5.000000
0.830643, 0.800014, 4.000000
0.887197, 0.331246, 8.000000
0.775094, 0.883928, 4.000000
0.180230, 0.196549, 0.000000
0.538417, 0.468744, 7.000000
0.342025, 0.531518, 1.000000
0.533020, 0.768192, 2.000000
0.808911, 0.410072, 8.000000
0.236727, 0.770430, 6.000000
0.866460, 0.703372, 4.000000
0.773896, 0.315848, 8.000000
0.793262, 0.821107, 4.000000
0.344102, 0.159358, 0.000000
0.641614, 0.401379, 5.000000
0.548143, 0.777512, 2.000000
0.564926, 0.838745, 2.000000
0.228644, 0.668801, 1.000000
0.779181, 0.613968, 3.000000
0.515154, 0.602464, 7.000000
0.304510, 0.835321, 6.000000
0.749884, 0.745359, 4.000000
0.160290, 0.624599, 1.000000
0.555253, 0.853306, 2.000000
0.277302, 0.587356, 1.000000
0.871988, 0.863275, 4.000000
0.190035, 0.592158, 1.000000
0.579527, 0.484556, 7.000000
0.790008, 0.571667, 3.000000
0.379673, 0.256095, 0.000000
0.798742, 0.400842, 8.000000
0.913967, 0.824317, 4.000000
0.219290, 0.217268, 0.000000
0.773911, 0.920047, 4.000000
0.692396, 0.768591, 4.000000
0.774805, 0.560096, 3.000000
0.141481, 0.567949, 1.000000
0.356732, 0.668554, 1.000000
0.593947, 0.633417, 7.000000
0.236265, 0.463671, 0.000000
0.752782, 0.199105, 9.000000
0.245750, 0.072783, 0.000000
0.620816, 0.341287, 5.000000
0.725044, 0.771333, 4.000000
0.226592, 0.263866, 0.000000
0.231866, 0.300886, 0.000000
0.273100, 0.390672, 0.000000
0.328532, 0.658025, 1.000000
0.821180, 0.528142, 3.000000
0.790200, 0.235698, 9.000000
0.571021, 0.340039, 5.000000
0.359466, 0.347605, 0.000000
0.706448, 0.291347, 5.000000
0.324077, 0.580312, 1.000000
0.875974, 0.300771, 8.000000
0.575224, 0.753851, 2.000000
0.576314, 0.779700, 2.000000
0.216260, 0.780129, 6.000000
0.470944, 0.821356, 2.000000
0.755636, 0.531030, 3.000000
0.808127, 0.602502, 3.000000
0.108564, 0.261008, 0.000000
0.548875, 0.801854, 2.000000
0.527295, 0.624202, 7.000000
0.321364, 0.211587, 0.000000
0.566709, 0.855910, 2.000000
0.477719, 0.827633, 2.000000
0.585974, 0.817554, 2.000000
0.912060, 0.413759, 8.000000
0.402777, 0.573177, 7.000000
0.588467, 0.409326, 5.000000
0.228583, 0.825693, 6.000000
0.854594, 0.176215, 9.000000
0.817298, 0.353979, 8.000000
0.259191, 0.853843, 6.000000
0.821870, 0.814682, 4.000000
0.630695, 0.397014, 5.000000
0.891378, 0.806520, 4.000000
0.371910, 0.595249, 1.000000
0.276697, 0.779175, 6.000000
0.768767, 0.777361, 4.000000
0.515427, 0.839137, 2.000000
0.301422, 0.826604, 6.000000
0.544828, 0.754261, 2.000000
0.383495, 0.370821, 0.000000
0.274886, 0.860428, 6.000000
0.852877, 0.904714, 4.000000
0.223435, 0.480749, 1.000000
0.414582, 0.536633, 7.000000
0.779539, 0.702684, 4.000000
0.813543, 0.582145, 3.000000
0.796379, 0.185278, 9.000000
0.795844, 0.176395, 9.000000
0.819505, 0.540730, 3.000000
0.773595, 0.170927, 9.000000
0.353672, 0.519563, 1.000000
0.838430, 0.528915, 3.000000
0.100324, 0.185676, 0.000000
0.843253, 0.713860, 4.000000
0.439217, 0.573983, 7.000000
0.873080, 0.393936, 8.000000
0.215880, 0.776727, 6.000000
0.506439, 0.775668, 2.000000
0.510096, 0.840994, 2.000000
0.620471, 0.360486, 5.000000
0.542386, 0.648980, 7.000000
0.880645, 0.408840, 8.000000
0.468629, 0.538549, 7.000000
0.290323, 0.860979, 6.000000
0.520595, 0.736905, 2.000000
0.702220, 0.859174, 4.000000
0.747772, 0.792718, 4.000000
0.490677, 0.831566, 2.000000
0.885875, 0.437044, 8.000000
0.487819, 0.289793, 5.000000
0.180363, 0.638707, 1.000000
0.776936, 0.612022, 3.000000
0.546379, 0.855682, 2.000000
0.741049, 0.402376, 8.000000
0.845350, 0.327433, 8.000000
0.798278, 0.247905, 9.000000
0.209019, 0.713896, 1.000000
0.719392, 0.834753, 4.000000
0.449149, 0.469004, 7.000000
0.773223, 0.188624, 9.000000
0.268737, 0.743667, 6.000000
0.842373, 0.612769, 3.000000
0.495107, 0.775062, 2.000000
0.472699, 0.818926, 2.000000
0.384504, 0.574013, 1.000000
0.756961, 0.541913, 3.000000
0.854471, 0.333932, 8.000000
0.510587, 0.556497, 7.000000
0.152358, 0.184259, 0.000000
0.247965, 0.861398, 6.000000
0.799810, 0.308371, 8.000000
0.857330, 0.285030, 8.000000
0.316838, 0.767722, 6.000000
0.837584, 0.193312, 9.000000
0.109715, 0.271377, 0.000000
0.577975, 0.819637, 2.000000
0.677981, 0.395444, 5.000000
0.766420, 0.607623, 3.000000
0.722891, 0.808430, 4.000000
0.808004, 0.590688, 3.000000
0.343830, 0.153742, 0.000000
0.124312, 0.344667, 0.000000
0.812718, 0.310026, 8.000000
0.807661, 0.518190, 3.000000
0.775923, 0.195549, 9.000000
0.266367, 0.576715, 1.000000
0.846206, 0.222612, 9.000000
0.184474, 0.342996, 0.000000
0.086637, 0.302677, 0.000000
0.737315, 0.199694, 9.000000
0.254365, 0.835308, 6.000000
0.352452, 0.648341, 1.000000
0.819053, 0.726812, 4.000000
0.823475, 0.625451, 3.000000
0.837379, 0.235208, 9.000000
0.599582, 0.230987, 5.000000
0.252160, 0.808269, 6.000000
0.830778, 0.302856, 8.000000
0.142537, 0.598103, 1.000000
0.805889, 0.151488, 9.000000
0.749645, 0.173430, 9.000000
0.787469, 0.572320, 3.000000
0.845057, 0.912259, 4.000000
0.552863, 0.549744, 7.000000
0.262451, 0.843125, 6.000000
0.180432, 0.654545, 1.000000
0.497412, 0.688446, 7.000000
0.308458, 0.811500, 6.000000
0.306722, 0.803463, 6.000000
0.772029, 0.770892, 4.000000
0.686993, 0.263568, 5.000000
0.758670, 0.327110, 8.000000
0.537734, 0.804113, 2.000000
0.773245, 0.554076, 3.000000
0.625995, 0.220918, 5.000000
0.422764, 0.564808, 7.000000
0.135821, 0.267339, 0.000000
0.794868, 0.792705, 4.000000
0.519248, 0.799693, 2.000000
0.811396, 0.200986, 9.000000
0.697772, 0.309680, 5.000000
0.150087, 0.635754, 1.000000
0.226402, 0.566079, 1.000000
0.792983, 0.558604, 3.000000
0.302688, 0.322467, 0.000000
0.363537, 0.664459, 1.000000
0.323454, 0.668718, 1.000000
0.601071, 0.502771, 7.000000
0.371766, 0.418857, 0.000000
0.762021, 0.197423, 9.000000
0.305207, 0.433040, 0.000000
0.788629, 0.253028, 9.000000
0.542146, 0.773923, 2.000000
0.867107, 0.779503, 4.000000
0.858112, 0.294217, 8.000000
0.217559, 0.697663, 1.000000
0.279062, 0.735810, 6.000000
0.487146, 0.322757, 5.000000
0.527399, 0.787943, 2.000000
0.221526, 0.521715, 1.000000
0.849055, 0.443129, 8.000000
0.836699, 0.902577, 4.000000
0.417970, 0.550226, 7.000000
0.787253, 0.355531, 8.000000
0.862686, 0.288054, 8.000000
0.510698, 0.845093, 2.000000
0.232693, 0.765817, 6.000000
0.283963, 0.745467, 6.000000
0.104590, 0.374676, 0.000000
0.293802, 0.474882, 1.000000
0.815388, 0.902119, 4.000000
0.802143, 0.715601, 4.000000
0.828865, 0.687809, 4.000000
0.756149, 0.560926, 3.000000
0.317292, 0.194284, 0.000000
0.508824, 0.538902, 7.000000
0.343841, 0.390813, 0.000000
0.905492, 0.397346, 8.000000
0.260231, 0.737359, 6.000000
0.183190, 0.530319, 1.000000
0.246734, 0.856007, 6.000000
0.771128, 0.574628, 3.000000
0.801796, 0.838625, 4.000000
0.304797, 0.691673, 1.000000
0.745776, 0.540377, 3.000000
0.480338, 0.349696, 5.000000
0.770371, 0.409262, 8.000000
0.741886, 0.541412, 3.000000
0.533403, 0.848049, 2.000000
0.524417, 0.777763, 2.000000
0.469472, 0.607591, 7.000000
0.524868, 0.581437, 7.000000
0.838808, 0.536513, 3.000000
0.094763, 0.202169, 0.000000
0.690308, 0.394113, 5.000000
0.501968, 0.806220, 2.000000
0.707495, 0.337211, 5.000000
0.675339, 0.829852, 4.000000
0.825076, 0.399095, 8.000000
0.434865, 0.603414, 7.000000
0.313479, 0.764856, 6.000000
0.721417, 0.872449, 4.000000
0.760893, 0.224638, 9.000000
0.798546, 0.202569, 9.000000
0.794393, 0.421422, 8.000000
0.559370, 0.374454, 5.000000
0.566479, 0.782891, 2.000000
0.798082, 0.179130, 9.000000
0.318499, 0.810851, 6.000000
0.475768, 0.801517, 2.000000
0.350340, 0.148095, 0.000000
0.739932, 0.350467, 8.000000
0.843920, 0.750858, 4.000000
0.551989, 0.689159, 7.000000
0.409538, 0.179917, 0.000000
0.769600, 0.162247, 9.000000
0.198668, 0.583562, 1.000000
0.775228, 0.328390, 8.000000
0.070455, 0.276010, 0.000000
0.189310, 0.593517, 1.000000
0.317728, 0.570189, 1.000000
0.826997, 0.401060, 8.000000
0.300641, 0.800445, 6.000000
0.506750, 0.618876, 7.000000
0.550458, 0.819594, 2.000000
0.247658, 0.470237, 1.000000
0.775440, 0.244011, 9.000000
0.174048, 0.603844, 1.000000
0.566251, 0.657831, 7.000000
0.795506, 0.359718, 8.000000
0.209381, 0.159496, 0.000000
0.172931, 0.576660, 1.000000
0.840132, 0.221524, 9.000000
0.287859, 0.533287, 1.000000
0.579192, 0.824607, 2.000000
0.576130, 0.830335, 2.000000
0.516825, 0.654482, 7.000000
0.908798, 0.398865, 8.000000
0.292710, 0.785738, 6.000000
0.271660, 0.704587, 1.000000
0.767891, 0.179725, 9.000000
0.195108, 0.541677, 1.000000
0.504729, 0.471350, 7.000000
0.804007, 0.412770, 8.000000
0.413188, 0.240174, 0.000000
0.405922, 0.604246, 7.000000
0.486099, 0.591864, 7.000000
0.310626, 0.808306, 6.000000
0.756646, 0.600211, 3.000000
0.785006, 0.922459, 4.000000
0.288212, 0.742600, 6.000000
0.530805, 0.814855, 2.000000
0.259232, 0.620913, 1.000000
0.522599, 0.374635, 5.000000
0.534081, 0.749704, 2.000000
0.261296, 0.861482, 6.000000
0.559488, 0.383917, 5.000000
0.274962, 0.777026, 6.000000
0.169331, 0.188866, 0.000000
0.904774, 0.826061, 4.000000
0.826786, 0.393754, 8.000000
0.539351, 0.804036, 2.000000
0.826695, 0.278837, 8.000000
0.261189, 0.817356, 6.000000
0.314481, 0.278269, 0.000000
0.298121, 0.603349, 1.000000
0.589228, 0.820645, 2.000000
0.836213, 0.159860, 9.000000
0.248235, 0.855795, 6.000000
0.483214, 0.778998, 2.000000
0.606809, 0.355721, 5.000000
0.683009, 0.280078, 5.000000
0.683420, 0.273242, 5.000000
0.207308, 0.352386, 0.000000
0.803827, 0.449089, 8.000000
0.808343, 0.367693, 8.000000
0.300453, 0.815684, 6.000000
0.514091, 0.842188, 2.000000
0.840525, 0.803644, 4.000000
0.825904, 0.393609, 8.000000
0.240142, 0.855225, 6.000000
0.310142, 0.814432, 6.000000
0.822455, 0.794861, 4.000000
0.540768, 0.643975, 7.000000
0.748406, 0.854395, 4.000000
0.797710, 0.157660, 9.000000
0.169338, 0.603834, 1.000000
0.670620, 0.215740, 5.000000
0.571883, 0.814479, 2.000000
0.215441, 0.839121, 6.000000
0.812428, 0.250028, 9.000000
0.546436, 0.207753, 5.000000
0.274184, 0.828040, 6.000000
0.476257, 0.800231, 2.000000
0.211827, 0.776648, 6.000000
0.717594, 0.780892, 4.000000
0.367585, 0.538383, 1.000000
0.876709, 0.287058, 8.000000
0.193398, 0.488937, 1.000000
0.690801, 0.737849, 4.000000
0.761087, 0.242759, 9.000000
0.489410, 0.671788, 7.000000
0.808473, 0.394767, 8.000000
0.246536, 0.758476, 6.000000
0.801049, 0.181411, 9.000000
0.831613, 0.419761, 8.000000
0.716424, 0.795891, 4.000000
0.551330, 0.756747, 2.000000
0.813957, 0.445990, 8.000000
0.840736, 0.431145, 8.000000
0.377946, 0.668654, 1.000000
0.640566, 0.255856, 5.000000
0.324842, 0.698532, 1.000000
0.753244, 0.227604, 9.000000
0.763985, 0.232126, 9.000000
0.173559, 0.535577, 1.000000
0.539500, 0.832755, 2.000000
0.792922, 0.828118, 4.000000
0.577238, 0.471187, 7.000000
0.515713, 0.558433, 7.000000
0.880053, 0.796165, 4.000000
0.233972, 0.793151, 6.000000
0.167253, 0.407832, 0.000000
0.320156, 0.605134, 1.000000
0.420018, 0.577360, 7.000000
0.831136, 0.538898, 3.000000
0.271566, 0.622396, 1.000000
0.609268, 0.307120, 5.000000
0.308988, 0.785848, 6.000000
0.774795, 0.224360, 9.000000
0.765331, 0.237048, 9.000000
0.788872, 0.281413, 8.000000
0.480359, 0.828895, 2.000000
0.309987, 0.783120, 6.000000
0.293609, 0.340869, 0.000000
0.551875, 0.826506, 2.000000
0.269509, 0.831008, 6.000000
0.348022, 0.578343, 1.000000
0.833044, 0.581862, 3.000000
0.802606, 0.534648, 3.000000
0.257661, 0.649732, 1.000000
0.549064, 0.740722, 2.000000
0.569960, 0.365024, 5.000000
0.514403, 0.376330, 5.000000
0.526013, 0.198446, 5.000000
0.615952, 0.331807, 5.000000
0.574278, 0.833062, 2.000000
0.243325, 0.148899, 0.000000
0.247000, 0.743998, 6.000000
0.278651, 0.844912, 6.000000
0.675817, 0.374629, 5.000000
0.560124, 0.287849, 5.000000
0.301531, 0.630005, 1.000000
0.799949, 0.251557, 9.000000
0.356569, 0.382273, 0.000000
0.519487, 0.473780, 7.000000
0.777687, 0.515446, 3.000000
0.493479, 0.239265, 5.000000
0.667248, 0.269130, 5.000000
0.519391, 0.278414, 5.000000
0.242730, 0.664346, 1.000000
0.574244, 0.408172, 5.000000
0.327605, 0.521081, 1.000000
0.777572, 0.889192, 4.000000
0.849859, 0.397221, 8.000000
0.747427, 0.183626, 9.000000
0.581659, 0.690711, 7.000000
0.524158, 0.489215, 7.000000
0.634977, 0.652787, 7.000000
0.109616, 0.194233, 0.000000
0.208844, 0.802360, 6.000000
0.757312, 0.606687, 3.000000
0.300967, 0.852860, 6.000000
0.296448, 0.169799, 0.000000
0.476129, 0.261573, 5.000000
0.501317, 0.751226, 2.000000
0.755299, 0.390969, 8.000000
0.527736, 0.814690, 2.000000
0.286532, 0.396306, 0.000000
0.587885, 0.597299, 7.000000
0.833481, 0.342166, 8.000000
0.779695, 0.192010, 9.000000
0.714940, 0.716549, 4.000000
0.530793, 0.800275, 2.000000
0.900489, 0.434074, 8.000000
0.848852, 0.376839, 8.000000
0.837437, 0.217842, 9.000000
0.828488, 0.802941, 4.000000
0.555839, 0.257520, 5.000000
0.824148, 0.564292, 3.000000
0.530343, 0.816325, 2.000000
0.510844, 0.828740, 2.000000
0.818404, 0.386031, 8.000000
0.348330, 0.703887, 1.000000
0.817982, 0.709387, 4.000000
0.589814, 0.809433, 2.000000
0.779180, 0.202520, 9.000000
0.215862, 0.536976, 1.000000
0.235809, 0.535289, 1.000000
0.757135, 0.355585, 8.000000
0.315956, 0.586746, 1.000000
0.272212, 0.127577, 0.000000
0.488182, 0.801970, 2.000000
0.589044, 0.771683, 2.000000
0.524790, 0.557691, 7.000000
0.547256, 0.831522, 2.000000
0.630942, 0.383572, 5.000000
0.805856, 0.167923, 9.000000
0.302590, 0.188893, 0.000000
0.503344, 0.346303, 5.000000
0.822488, 0.841517, 4.000000
0.755575, 0.207766, 9.000000
0.258909, 0.798384, 6.000000
0.778232, 0.400384, 8.000000
0.705000, 0.721408, 4.000000
0.640605, 0.602163, 7.000000
0.750927, 0.172972, 9.000000
0.078529, 0.303099, 0.000000
0.761865, 0.179868, 9.000000
0.862418, 0.428005, 8.000000
0.790120, 0.718227, 4.000000
0.822694, 0.367013, 8.000000
0.519675, 0.776670, 2.000000
0.858852, 0.435897, 8.000000
0.565738, 0.476013, 7.000000
0.781864, 0.239177, 9.000000
0.587888, 0.790259, 2.000000
0.493120, 0.779085, 2.000000
0.832184, 0.192088, 9.000000
0.622264, 0.188405, 5.000000
0.396827, 0.580323, 1.000000
0.790993, 0.448158, 8.000000
0.823564, 0.460410, 8.000000
0.164225, 0.545566, 1.000000
0.225142, 0.673335, 1.000000
0.240969, 0.765242, 6.000000
0.450425, 0.491192, 7.000000
0.766852, 0.198425, 9.000000
0.548377, 0.627957, 7.000000
0.311183, 0.761427, 6.000000
0.853773, 0.899210, 4.000000
0.831722, 0.609130, 3.000000
0.803990, 0.176498, 9.000000
0.752845, 0.598818, 3.000000
0.429209, 0.494805, 7.000000
0.139336, 0.573643, 1.000000
0.525637, 0.758095, 2.000000
0.840373, 0.248983, 9.000000
0.768553, 0.407961, 8.000000
0.866667, 0.701603, 4.000000
0.272456, 0.784956, 6.000000
0.149710, 0.309466, 0.000000
0.541080, 0.332843, 5.000000
0.560211, 0.502635, 7.000000
0.334071, 0.232482, 0.000000
0.776899, 0.780780, 4.000000
0.777087, 0.832402, 4.000000
0.306701, 0.765547, 6.000000
0.832626, 0.828241, 4.000000
0.850464, 0.772650, 4.000000
0.492558, 0.796821, 2.000000
0.757110, 0.533287, 3.000000
0.751479, 0.163349, 9.000000
0.725184, 0.726980, 4.000000
0.505406, 0.796649, 2.000000
0.841376, 0.567099, 3.000000
0.265203, 0.784009, 6.000000
0.511496, 0.784018, 2.000000
0.829513, 0.168301, 9.000000
0.207368, 0.136934, 0.000000
0.823876, 0.568985, 3.000000
0.857354, 0.563258, 3.000000
0.758675, 0.859458, 4.000000
0.173064, 0.170526, 0.000000
0.261640, 0.794389, 6.000000
0.311098, 0.783966, 6.000000
0.561536, 0.854689, 2.000000
0.556010, 0.780089, 2.000000
0.468863, 0.628733, 7.000000
0.430181, 0.230050, 0.000000
0.527476, 0.630770, 7.000000
0.809429, 0.884615, 4.000000
0.501403, 0.452845, 7.000000
0.166517, 0.429962, 0.000000
0.254238, 0.107474, 0.000000
0.293470, 0.768079, 6.000000
0.843118, 0.543578, 3.000000
0.540295, 0.526237, 7.000000
0.740077, 0.208811, 9.000000
0.832603, 0.394158, 8.000000
0.817022, 0.378825, 8.000000
0.890888, 0.400520, 8.000000
0.753774, 0.904309, 4.000000
0.831944, 0.256222, 9.000000
0.159303, 0.287817, 0.000000
0.326528, 0.573332, 1.000000
0.506412, 0.467141, 7.000000
0.239363, 0.195425, 0.000000
0.427557, 0.503616, 7.000000
0.634144, 0.223167, 5.000000
0.785639, 0.414007, 8.000000
0.183927, 0.109068, 0.000000
0.875227, 0.742441, 4.000000
0.857994, 0.332276, 8.000000
0.583635, 0.340233, 5.000000
0.315634, 0.839661, 6.000000
0.257678, 0.854158, 6.000000
0.536111, 0.609436, 7.000000
0.254709, 0.407970, 0.000000
0.326168, 0.444697, 0.000000
0.543163, 0.260055, 5.000000
0.250575, 0.854460, 6.000000
0.448409, 0.231161, 0.000000
0.839627, 0.338622, 8.000000
0.719052, 0.731552, 4.000000
0.518429, 0.226873, 5.000000
0.633308, 0.262189, 5.000000
0.567283, 0.440208, 7.000000
0.527738, 0.194722, 5.000000
0.777858, 0.549645, 3.000000
0.506715, 0.684748, 7.000000
0.791472, 0.150040, 9.000000
0.809340, 0.460139, 8.000000
0.832015, 0.512124, 3.000000
0.790659, 0.522059, 3.000000
0.299583, 0.383325, 0.000000
0.680241, 0.385367, 5.000000
0.806566, 0.154912, 9.000000
0.845447, 0.556467, 3.000000
0.267873, 0.810609, 6.000000
0.541340, 0.735210, 2.000000
0.272503, 0.783402, 6.000000
0.301601, 0.562256, 1.000000
0.310664, 0.242265, 0.000000
0.501025, 0.751034, 2.000000
0.298114, 0.714644, 1.000000
0.227141, 0.788581, 6.000000
0.789289, 0.232205, 9.000000
0.497390, 0.781222, 2.000000
0.920939, 0.402112, 8.000000
0.225333, 0.769595, 6.000000
0.531919, 0.437550, 7.000000
0.352945, 0.502391, 1.000000
0.541366, 0.778118, 2.000000
0.786174, 0.180624, 9.000000
0.274928, 0.229904, 0.000000
0.777359, 0.385650, 8.000000
0.513173, 0.688493, 7.000000
0.476815, 0.586080, 7.000000
0.422927, 0.565079, 7.000000
0.263098, 0.814555, 6.000000
0.538343, 0.818397, 2.000000
0.740702, 0.347115, 8.000000
0.887754, 0.776906, 4.000000
0.825656, 0.217434, 9.000000
0.162754, 0.325900, 0.000000
0.566630, 0.745399, 2.000000
0.603480, 0.505986, 7.000000
0.795520, 0.262651, 9.000000
0.875641, 0.408064, 8.000000
0.652837, 0.556718, 7.000000
0.861243, 0.826681, 4.000000
0.698706, 0.802229, 4.000000
0.337365, 0.559913, 1.000000
0.706056, 0.816754, 4.000000
0.802141, 0.582942, 3.000000
0.699029, 0.813958, 4.000000
0.779675, 0.510471, 3.000000
0.799587, 0.188905, 9.000000
0.360245, 0.212980, 0.000000
0.445688, 0.630600, 7.000000
0.165373, 0.278902, 0.000000
0.888616, 0.817084, 4.000000
0.311187, 0.804714, 6.000000
0.814347, 0.225939, 9.000000
0.473162, 0.515894, 7.000000
0.396438, 0.287082, 0.000000
0.562262, 0.794656, 2.000000
0.746341, 0.595834, 3.000000
0.914664, 0.370293, 8.000000
0.286562, 0.612704, 1.000000
0.527285, 0.741222, 2.000000
0.559782, 0.767818, 2.000000
0.379397, 0.366087, 0.000000
0.838173, 0.177512, 9.000000
0.390247, 0.648305, 1.000000
0.296846, 0.087729, 0.000000
0.500699, 0.805663, 2.000000
0.826140, 0.154192, 9.000000
0.801070, 0.349243, 8.000000
0.780666, 0.207161, 9.000000
0.630183, 0.657290, 7.000000
0.703934, 0.735522, 4.000000
0.802506, 0.358231, 8.000000
0.300675, 0.750377, 6.000000
0.903525, 0.805112, 4.000000
0.261675, 0.793387, 6.000000
0.667646, 0.411288, 5.000000
0.738515, 0.561207, 3.000000
0.803980, 0.301762, 8.000000
0.850487, 0.350732, 8.000000
0.160562, 0.553425, 1.000000
0.835468, 0.511875, 3.000000
0.514349, 0.823247, 2.000000
0.824612, 0.556455, 3.000000
0.743398, 0.392360, 8.000000
0.584584, 0.505187, 7.000000
0.751634, 0.207290, 9.000000
0.654524, 0.335502, 5.000000
0.775455, 0.512980, 3.000000
0.881062, 0.413960, 8.000000
0.575964, 0.311151, 5.000000
0.575566, 0.844369, 2.000000
0.846676, 0.731675, 4.000000
0.524390, 0.247782, 5.000000
0.505029, 0.838938, 2.000000
0.190599, 0.691020, 1.000000
0.534879, 0.800376, 2.000000
0.521308, 0.763669, 2.000000
0.749204, 0.535685, 3.000000
0.826448, 0.566894, 3.000000
0.772106, 0.598754, 3.000000
0.856533, 0.387095, 8.000000
0.526126, 0.752763, 2.000000
0.823931, 0.224787, 9.000000
0.672634, 0.292900, 5.000000
0.268620, 0.179305, 0.000000
0.819983, 0.520846, 3.000000
0.245153, 0.752887, 6.000000
0.217866, 0.227545, 0.000000
0.828573, 0.506592, 3.000000
0.779940, 0.180008, 9.000000
0.432149, 0.311627, 0.000000
0.240851, 0.783345, 6.000000
0.529401, 0.790829, 2.000000
0.906447, 0.839297, 4.000000
0.619214, 0.324404, 5.000000
0.586442, 0.601947, 7.000000
0.294544, 0.558320, 1.000000
0.594618, 0.418563, 5.000000
0.204893, 0.786617, 6.000000
0.879024, 0.357033, 8.000000
0.318790, 0.433183, 0.000000
0.225915, 0.690981, 1.000000
0.577394, 0.796789, 2.000000
0.301717, 0.796887, 6.000000
0.528601, 0.856357, 2.000000
0.437307, 0.519469, 7.000000
0.749223, 0.758300, 4.000000
0.831411, 0.349078, 8.000000
0.829175, 0.445099, 8.000000
0.761357, 0.609500, 3.000000
0.252359, 0.330039, 0.000000
0.813970, 0.528930, 3.000000
0.550102, 0.760726, 2.000000
0.493653, 0.612207, 7.000000
0.228942, 0.586634, 1.000000
0.759324, 0.541596, 3.000000
0.272894, 0.864361, 6.000000
0.855573, 0.370965, 8.000000
0.161625, 0.579761, 1.000000
0.216263, 0.590572, 1.000000
0.798366, 0.228451, 9.000000
0.358788, 0.554345, 1.000000
0.571650, 0.774870, 2.000000
0.471235, 0.492265, 7.000000
0.420039, 0.577393, 7.000000
0.559732, 0.785186, 2.000000
0.223956, 0.158691, 0.000000
0.301468, 0.826727, 6.000000
0.155973, 0.611379, 1.000000
0.763215, 0.584349, 3.000000
0.313362, 0.822146, 6.000000
0.301250, 0.607637, 1.000000
0.427005, 0.628492, 7.000000
0.839606, 0.152360, 9.000000
0.799562, 0.501541, 3.000000
0.862831, 0.568290, 3.000000
0.683743, 0.347272, 5.000000
0.795486, 0.403878, 8.000000
0.700300, 0.732301, 4.000000
0.585116, 0.378872, 5.000000
0.764046, 0.857041, 4.000000
0.910969, 0.748216, 4.000000
0.815990, 0.296266, 8.000000
0.842055, 0.550166, 3.000000
0.772697, 0.571504, 3.000000
0.283737, 0.816459, 6.000000
0.771025, 0.510147, 3.000000
0.505649, 0.756231, 2.000000
0.714789, 0.317988, 5.000000
0.135608, 0.601861, 1.000000
0.377688, 0.267903, 0.000000
0.487497, 0.228505, 5.000000
0.269773, 0.838038, 6.000000
0.726239, 0.307744, 5.000000
0.536819, 0.239782, 5.000000
0.846847, 0.432301, 8.000000
0.822273, 0.579820, 3.000000
0.795752, 0.619229, 3.000000
0.778444, 0.149036, 9.000000
0.267722, 0.797475, 6.000000
0.792430, 0.194623, 9.000000
0.282210, 0.774888, 6.000000
0.297624, 0.793526, 6.000000
0.479153, 0.808969, 2.000000
0.573182, 0.554420, 7.000000
0.503823, 0.789579, 2.000000
0.843130, 0.576906, 3.000000
0.581244, 0.766199, 2.000000
0.590993, 0.810604, 2.000000
0.341689, 0.367126, 0.000000
0.333043, 0.517854, 1.000000
0.588098, 0.512050, 7.000000
0.761761, 0.377599, 8.000000
0.333353, 0.306339, 0.000000
0.519476, 0.225535, 5.000000
0.872302, 0.295474, 8.000000
0.314806, 0.572906, 1.000000
0.826435, 0.550369, 3.000000
0.759334, 0.234363, 9.000000
0.271775, 0.806561, 6.000000
0.779645, 0.623977, 3.000000
0.273427, 0.389564, 0.000000
0.191507, 0.368195, 0.000000
0.509035, 0.589758, 7.000000
0.840862, 0.531953, 3.000000
0.173716, 0.523376, 1.000000
0.096410, 0.225579, 0.000000
0.490166, 0.493146, 7.000000
0.235293, 0.649257, 1.000000
0.543653, 0.202208, 5.000000
0.889016, 0.332558, 8.000000
0.243330, 0.547242, 1.000000
0.553788, 0.782305, 2.000000
0.396086, 0.115308, 0.000000
0.845808, 0.444971, 8.000000
0.506433, 0.551409, 7.000000
