0.226636, 0.309898, 0.656475, 2.000000
0.821739, 0.090477, 0.223562, 3.000000
0.321500, 0.253848, 0.531959, 1.000000
0.862449, 0.928868, 0.159246, 9.000000
0.800030, 0.140071, 0.184275, 3.000000
0.254743, 0.881043, 0.546355, 7.000000
0.996982, 0.814793, 0.622973, 10.000000
0.119344, 0.749254, 0.105195, 6.000000
0.797649, 0.170272, 0.207854, 3.000000
0.641170, 0.295681, 0.227969, 3.000000
0.245669, 0.416617, 0.177496, 0.000000
0.880968, 0.866411, 0.919435, 11.000000
0.373519, 0.342033, 0.086038, 0.000000
0.241326, 0.091701, 0.904852, 2.000000
0.688649, 0.355669, 0.493603, 4.000000
1.000000, 0.837647, 0.510434, 10.000000
0.366353, 0.882214, 0.479627, 6.000000
0.174109, 1.000000, 0.684585, 8.000000
0.518259, 0.229491, 0.677612, 5.000000
0.285141, 0.955508, 0.422201, 7.000000
0.175047, 0.262027, 0.849480, 2.000000
0.343310, 0.161629, 0.223749, 0.000000
0.103600, 0.801394, 0.293916, 6.000000
0.171969, 0.288666, 0.867058, 2.000000
0.018078, 0.000000, 0.811270, 2.000000
0.290780, 0.163385, 0.606343, 1.000000
0.601880, 0.121485, 0.250554, 3.000000
0.906983, 0.950553, 0.759048, 11.000000
0.739103, 0.855701, 0.882299, 11.000000
0.795276, 0.820624, 0.152432, 9.000000
0.082328, 0.318406, 0.050790, 0.000000
0.610448, 0.219395, 0.992697, 5.000000
0.918694, 0.836274, 0.965117, 11.000000
0.683597, 0.106829, 0.771230, 5.000000
0.187955, 0.294639, 0.377073, 1.000000
0.641234, 0.083578, 0.892340, 5.000000
0.250964, 0.050364, 1.000000, 2.000000
0.758371, 0.936237, 0.844658, 11.000000
0.936469, 0.917133, 0.301177, 9.000000
0.895975, 0.773530, 0.356716, 9.000000
0.844737, 0.865257, 0.166814, 9.000000
0.131761, 0.778020, 0.856010, 8.000000
0.809018, 0.142381, 0.438055, 4.000000
1.000000, 0.956578, 0.864823, 11.000000
0.101735, 0.997968, 0.548346, 7.000000
0.327030, 0.852339, 0.612859, 7.000000
0.577986, 0.000000, 0.971340, 5.000000
0.711075, 0.472357, 0.088417, 3.000000
0.535169, 0.298112, 0.679791, 4.000000
0.154264, 0.870796, 0.504902, 7.000000
0.179101, 0.000000, 0.450171, 1.000000
0.332222, 0.078143, 0.280169, 0.000000
0.651221, 0.323309, 0.681040, 4.000000
0.367168, 0.264327, 0.456747, 1.000000
0.212714, 0.941534, 0.229593, 6.000000
0.253898, 0.228462, 0.874922, 2.000000
0.033412, 0.318256, 0.688286, 1.000000
0.164804, 1.000000, 0.757840, 8.000000
0.154046, 0.364988, 0.765058, 2.000000
0.814731, 0.091313, 0.326846, 4.000000
0.694272, 0.893834, 0.642712, 10.000000
0.293101, 0.889747, 0.438115, 7.000000
0.626501, 0.432116, 0.949386, 5.000000
0.755556, 0.254437, 0.127348, 3.000000
0.614921, 0.000000, 1.000000, 5.000000
0.525581, 0.020172, 0.796851, 5.000000
0.754745, 0.146877, 0.801704, 5.000000
0.153641, 0.085425, 0.864792, 2.000000
0.970064, 0.763877, 0.468745, 10.000000
0.139925, 0.337699, 0.908068, 2.000000
0.621615, 0.092998, 0.723558, 5.000000
0.082703, 0.953657, 0.568486, 7.000000
0.812731, 0.853962, 0.166565, 9.000000
0.944196, 0.893158, 0.487658, 10.000000
0.304089, 0.212826, 0.980460, 2.000000
1.000000, 0.927802, 0.545780, 10.000000
0.293718, 0.208518, 0.459915, 1.000000
0.535547, 0.191128, 1.000000, 5.000000
0.167565, 0.003787, 0.186219, 0.000000
0.529269, 0.816429, 0.960350, 8.000000
0.909559, 0.958634, 0.548388, 10.000000
0.843813, 0.858557, 0.360618, 10.000000
0.895370, 1.000000, 0.562327, 10.000000
0.816759, 0.949372, 0.220713, 10.000000
0.314610, 0.010857, 0.148803, 0.000000
0.169615, 0.720935, 0.441281, 7.000000
0.163757, 0.829011, 0.464350, 7.000000
0.144950, 0.294186, 0.908338, 2.000000
0.148632, 0.161072, 0.618145, 1.000000
0.291064, 0.446349, 0.997214, 2.000000
0.277424, 0.402110, 0.660331, 1.000000
0.281728, 0.176534, 0.343559, 0.000000
0.676089, 0.133223, 0.881584, 5.000000
0.080637, 0.268198, 0.863533, 2.000000
0.574205, 0.192554, 0.986313, 5.000000
0.747611, 0.200046, 0.510662, 4.000000
0.791539, 0.146150, 0.511307, 4.000000
0.245884, 0.817051, 0.253287, 6.000000
0.633460, 0.148365, 0.047453, 3.000000
0.786463, 0.729025, 0.378310, 10.000000
0.197090, 0.217554, 0.548322, 1.000000
0.686639, 0.368653, 0.425810, 4.000000
0.756533, 0.097758, 0.518357, 4.000000
0.137193, 0.873343, 0.935258, 8.000000
0.264946, 0.188673, 0.294427, 0.000000
0.300990, 0.819846, 0.847635, 8.000000
0.067155, 0.764206, 0.858406, 8.000000
0.951110, 0.908576, 0.920752, 11.000000
0.210371, 0.289688, 0.438965, 1.000000
0.051579, 0.936850, 0.126330, 6.000000
0.218657, 0.208192, 0.126505, 0.000000
0.689783, 0.782636, 0.098847, 9.000000
0.851661, 1.000000, 0.843098, 11.000000
0.585778, 0.201771, 0.094462, 3.000000
0.178589, 0.255559, 0.503474, 1.000000
0.196686, 0.862823, 0.118834, 6.000000
0.962671, 0.938099, 0.146655, 9.000000
0.067750, 0.813042, 0.205567, 6.000000
0.115936, 0.205251, 0.556942, 1.000000
0.555592, 0.134992, 0.184434, 3.000000
0.159567, 0.334755, 0.742415, 2.000000
0.098063, 0.204661, 0.303690, 0.000000
0.470018, 0.263092, 0.546215, 4.000000
0.677165, 0.191583, 0.482722, 4.000000
0.157389, 0.164984, 0.512248, 1.000000
0.851955, 0.829881, 0.547071, 10.000000
0.917121, 0.763162, 0.237755, 9.000000
0.382512, 0.241810, 0.589023, 5.000000
0.708671, 0.223427, 0.620015, 4.000000
0.669718, 0.265432, 0.938431, 5.000000
0.150469, 0.207131, 0.837869, 2.000000
0.442251, 0.257213, 0.862460, 5.000000
0.642000, 0.323766, 0.888650, 5.000000
0.360113, 0.281244, 0.216040, 0.000000
0.656737, 0.149354, 0.834684, 4.000000
0.273023, 0.121916, 0.923771, 2.000000
0.268623, 0.074705, 0.802379, 2.000000
0.255767, 0.786399, 0.866418, 8.000000
0.761830, 0.138834, 0.808763, 5.000000
0.264603, 0.154304, 1.000000, 2.000000
0.034575, 0.832927, 0.158923, 6.000000
0.200046, 0.244470, 0.337370, 0.000000
0.731923, 0.355694, 0.514321, 4.000000
0.784708, 0.102676, 0.548637, 4.000000
0.333734, 0.928467, 0.440481, 6.000000
0.289667, 1.000000, 0.108049, 6.000000
0.167278, 0.110733, 0.521968, 1.000000
0.963887, 0.774772, 0.266324, 9.000000
0.917161, 0.930778, 0.651320, 10.000000
0.687929, 0.333511, 0.696461, 4.000000
0.787342, 0.924570, 0.553284, 10.000000
0.686651, 0.846236, 0.200354, 9.000000
0.277231, 0.763056, 0.921543, 8.000000
0.648886, 0.091497, 0.630560, 4.000000
0.251875, 0.306996, 0.238124, 0.000000
0.767734, 0.767756, 0.285635, 10.000000
0.740553, 0.139368, 0.547862, 4.000000
0.666963, 1.000000, 0.595341, 10.000000
0.589580, 0.183382, 0.738583, 5.000000
0.809729, 0.140269, 0.574871, 4.000000
0.622577, 0.220472, 0.906591, 5.000000
0.250385, 0.137370, 0.197172, 0.000000
0.127366, 0.828508, 0.368661, 7.000000
0.203537, 0.770860, 0.522520, 7.000000
0.162504, 0.199714, 0.616141, 1.000000
0.710354, 0.105260, 0.663346, 4.000000
0.885628, 0.887222, 1.000000, 11.000000
0.165306, 0.790063, 0.803204, 8.000000
0.232196, 0.206663, 0.230803, 0.000000
0.936635, 0.894316, 0.539342, 10.000000
0.364739, 0.219953, 0.560949, 1.000000
0.219688, 0.829208, 0.464811, 7.000000
0.139294, 0.864829, 0.390281, 7.000000
0.910429, 0.784733, 0.610650, 10.000000
1.000000, 0.901524, 0.494439, 10.000000
0.051898, 0.125914, 0.804804, 2.000000
0.329136, 0.295311, 0.933115, 2.000000
0.227876, 0.661197, 0.142909, 6.000000
0.635329, 0.153964, 0.219480, 3.000000
0.217983, 0.873922, 0.526077, 7.000000
0.262903, 0.314547, 0.580147, 1.000000
0.119363, 0.809733, 0.350104, 7.000000
0.243211, 0.459788, 0.780534, 2.000000
0.149646, 0.054393, 0.711437, 1.000000
0.738587, 0.845828, 0.722394, 11.000000
0.400790, 0.168634, 0.383672, 1.000000
0.264726, 0.156710, 0.691235, 2.000000
0.826786, 0.843196, 0.611297, 11.000000
0.037945, 0.145391, 0.563187, 1.000000
0.280368, 0.049209, 0.503111, 1.000000
0.338504, 0.762760, 0.371571, 7.000000
0.592279, 0.098489, 0.222845, 3.000000
0.103960, 0.713564, 0.410009, 7.000000
0.759992, 0.324339, 0.638226, 4.000000
0.023516, 0.000000, 0.998229, 2.000000
0.059726, 0.970377, 0.113114, 6.000000
0.386668, 0.193303, 0.255085, 0.000000
0.286108, 0.725414, 0.299938, 6.000000
0.359516, 0.783437, 0.324835, 6.000000
0.870914, 0.670666, 1.000000, 11.000000
0.129357, 0.206447, 0.484559, 1.000000
0.574270, 0.103108, 0.799196, 5.000000
0.691668, 0.125200, 0.363118, 3.000000
0.122653, 0.691118, 0.998890, 8.000000
0.807187, 0.872686, 1.000000, 11.000000
0.187089, 0.083386, 0.992458, 2.000000
0.074381, 0.099948, 0.230172, 0.000000
0.347749, 0.305074, 0.816411, 2.000000
0.817629, 0.729213, 0.871870, 11.000000
0.247299, 0.128554, 0.100165, 0.000000
0.868244, 0.219667, 0.932416, 5.000000
0.696156, 0.324646, 0.361103, 4.000000
0.495138, 0.106003, 0.527193, 4.000000
0.822624, 0.841028, 0.069921, 9.000000
0.108135, 0.296274, 0.221394, 0.000000
0.897777, 1.000000, 0.160364, 9.000000
0.661777, 0.311349, 0.572419, 4.000000
0.606084, 0.143518, 0.875890, 5.000000
0.178690, 0.852644, 0.555092, 7.000000
0.635912, 0.132443, 0.134335, 3.000000
0.071758, 0.698715, 0.136611, 6.000000
0.893476, 0.813160, 0.490494, 10.000000
0.616726, 0.157026, 0.655039, 4.000000
0.306505, 0.792519, 0.182013, 6.000000
0.332226, 0.192427, 0.515207, 1.000000
0.271007, 0.765153, 1.000000, 8.000000
0.250901, 0.213726, 0.166032, 0.000000
0.803560, 0.862849, 0.471595, 10.000000
0.204763, 0.833654, 0.702509, 7.000000
0.810873, 0.638825, 0.660183, 10.000000
0.296221, 0.831399, 0.229220, 6.000000
0.700066, 0.184591, 0.833747, 5.000000
0.278887, 0.015327, 0.572300, 1.000000
1.000000, 0.696398, 0.530631, 10.000000
0.182182, 0.291959, 0.738795, 2.000000
0.839101, 1.000000, 0.883633, 11.000000
0.712579, 0.919504, 0.341529, 10.000000
0.348528, 0.806190, 0.701339, 8.000000
0.326040, 0.857747, 0.222711, 6.000000
0.153744, 0.119649, 0.178460, 0.000000
0.767183, 0.196573, 0.227620, 3.000000
0.718959, 0.813030, 0.175965, 9.000000
0.181675, 0.837372, 0.520421, 7.000000
0.865711, 1.000000, 0.504129, 10.000000
0.952329, 0.888373, 0.553748, 10.000000
0.149547, 0.861736, 0.767549, 8.000000
0.806088, 0.834921, 0.134148, 9.000000
0.305414, 0.895473, 0.414211, 7.000000
0.697078, 0.235545, 0.777364, 5.000000
0.151555, 0.176816, 0.265997, 0.000000
0.197554, 1.000000, 0.822761, 8.000000
0.848372, 0.923424, 0.947203, 11.000000
0.705109, 0.327892, 0.842605, 5.000000
0.622205, 0.241115, 0.654521, 5.000000
0.198434, 0.851558, 0.329980, 6.000000
0.126892, 0.332132, 0.486428, 1.000000
0.191673, 0.728491, 0.890430, 8.000000
0.172779, 0.982117, 0.292332, 6.000000
0.407144, 0.098522, 0.460100, 4.000000
0.236278, 0.229071, 1.000000, 2.000000
0.634682, 0.273464, 0.549989, 4.000000
0.654302, 0.307111, 0.550449, 4.000000
0.983489, 0.879745, 0.646850, 10.000000
0.541525, 0.106797, 0.395197, 4.000000
0.115436, 0.215460, 0.862072, 2.000000
0.905335, 0.984801, 0.636368, 10.000000
0.937921, 0.908635, 0.388935, 9.000000
0.150405, 0.259916, 0.101485, 0.000000
0.845030, 1.000000, 0.349760, 9.000000
0.983848, 0.773865, 0.445697, 10.000000
0.594368, 0.128529, 0.629442, 4.000000
0.158108, 0.170304, 0.819425, 2.000000
0.119202, 0.825777, 1.000000, 8.000000
0.546590, 0.334427, 0.837845, 5.000000
0.278575, 0.121710, 0.852417, 2.000000
0.147314, 0.725080, 0.958766, 8.000000
0.113862, 0.876341, 0.865509, 8.000000
0.720958, 0.886374, 0.278737, 9.000000
0.112520, 0.209137, 0.288860, 0.000000
0.326548, 0.253210, 0.360360, 0.000000
0.250540, 0.168704, 0.537657, 1.000000
0.258165, 0.263221, 0.104878, 0.000000
0.714980, 0.201636, 0.795245, 5.000000
0.521007, 0.228737, 0.594384, 4.000000
0.800841, 0.919018, 0.966953, 11.000000
0.890128, 0.721130, 0.412575, 10.000000
0.908565, 0.855740, 0.244853, 9.000000
0.258702, 0.826931, 0.576688, 7.000000
0.058079, 0.830831, 0.748257, 8.000000
0.700771, 0.271596, 0.443070, 4.000000
0.120229, 0.786636, 0.084079, 6.000000
0.202275, 0.734188, 0.862063, 8.000000
0.093124, 0.729303, 0.088401, 6.000000
0.886023, 0.952672, 0.233660, 9.000000
0.463196, 0.143881, 0.671400, 4.000000
0.055945, 0.212135, 0.125680, 0.000000
0.261229, 0.000000, 0.880778, 2.000000
0.805432, 0.243439, 0.635207, 4.000000
0.343703, 0.228971, 0.547316, 1.000000
0.735303, 0.121193, 0.558973, 4.000000
0.876302, 0.868833, 0.510513, 10.000000
0.794536, 0.676164, 0.885597, 11.000000
0.077137, 0.857143, 0.261589, 6.000000
0.650538, 0.136904, 0.357184, 4.000000
0.000000, 0.896698, 0.064946, 6.000000
0.599457, 0.242386, 0.506589, 4.000000
0.241914, 0.899109, 0.841999, 8.000000
0.718769, 0.349050, 0.863246, 5.000000
0.231865, 0.141460, 0.526402, 1.000000
0.159879, 0.148956, 0.830872, 2.000000
0.711472, 0.186977, 0.912940, 5.000000
0.206545, 0.761029, 0.950559, 8.000000
0.832526, 0.712193, 0.980398, 11.000000
0.438132, 0.777839, 0.529625, 7.000000
0.114991, 0.024076, 0.849935, 2.000000
1.000000, 1.000000, 0.334868, 9.000000
0.614675, 0.085152, 1.000000, 5.000000
0.738729, 0.435635, 0.278812, 3.000000
0.230280, 0.282266, 0.807236, 2.000000
0.844806, 0.794066, 0.287449, 9.000000
0.250089, 0.174543, 0.988686, 2.000000
0.267834, 0.273636, 0.027660, 0.000000
0.749119, 0.916976, 0.995205, 11.000000
0.230578, 0.355372, 0.501085, 1.000000
0.156232, 0.118636, 0.281636, 0.000000
0.254249, 0.867085, 0.280233, 6.000000
0.249543, 0.110388, 0.175718, 0.000000
0.233461, 0.198557, 0.440211, 1.000000
0.375572, 0.312067, 0.443006, 1.000000
0.753871, 0.417474, 0.165886, 3.000000
0.718222, 0.159790, 0.313138, 3.000000
0.349295, 0.998740, 0.123476, 6.000000
0.916810, 0.945280, 0.034471, 9.000000
0.318918, 0.896412, 0.185452, 6.000000
0.272213, 0.268223, 1.000000, 2.000000
0.714761, 0.137959, 0.595575, 4.000000
0.517220, 0.066102, 0.544636, 4.000000
0.809005, 0.679343, 0.187879, 9.000000
0.836396, 1.000000, 0.923543, 11.000000
0.252818, 0.049466, 0.337026, 0.000000
0.282120, 0.601329, 1.000000, 8.000000
0.168691, 0.000000, 0.950152, 2.000000
0.264149, 0.229570, 0.830590, 2.000000
0.481308, 0.068809, 0.721519, 5.000000
0.277771, 0.777880, 1.000000, 8.000000
0.918977, 0.785501, 0.265699, 9.000000
1.000000, 0.771051, 0.086253, 9.000000
0.677732, 0.154541, 0.209028, 3.000000
0.672261, 0.140428, 0.079099, 3.000000
0.567500, 0.073757, 0.632078, 4.000000
0.326027, 0.937435, 0.606608, 7.000000
0.047474, 0.242109, 0.715025, 2.000000
0.873273, 0.072471, 0.552252, 4.000000
0.199739, 0.079219, 0.472582, 1.000000
0.164927, 0.130228, 0.840395, 2.000000
0.504509, 0.000000, 0.888680, 5.000000
0.822044, 0.950578, 0.125028, 9.000000
0.072161, 0.239158, 0.036843, 0.000000
0.151597, 0.824980, 0.700790, 8.000000
0.133169, 0.853679, 0.413244, 6.000000
0.101347, 0.024074, 0.238560, 0.000000
0.566982, 0.224275, 0.366262, 4.000000
0.265615, 0.866062, 0.366559, 7.000000
0.674076, 0.165775, 0.483663, 4.000000
0.239625, 0.759883, 0.731119, 8.000000
0.618045, 0.000000, 0.970599, 5.000000
0.325746, 0.291599, 0.299421, 0.000000
0.801059, 0.327515, 0.821614, 5.000000
0.177206, 0.137957, 0.148021, 0.000000
0.865334, 0.852037, 0.205587, 9.000000
0.740736, 0.213513, 0.766777, 5.000000
0.539077, 0.186761, 0.200775, 3.000000
0.134894, 0.016309, 0.504983, 1.000000
0.184055, 0.154361, 0.340279, 0.000000
1.000000, 0.832821, 0.580490, 10.000000
0.826496, 0.237839, 0.444536, 4.000000
0.249237, 0.908351, 0.213315, 6.000000
0.696374, 0.247392, 0.827204, 5.000000
0.259625, 0.242941, 0.791839, 2.000000
0.949808, 0.888358, 0.417278, 10.000000
0.805803, 0.958072, 0.451436, 10.000000
0.814853, 0.859432, 0.292469, 9.000000
0.788291, 0.089142, 0.260192, 3.000000
0.708482, 0.942307, 0.831399, 11.000000
0.174909, 0.207261, 0.691990, 2.000000
0.155695, 0.251911, 0.566465, 1.000000
0.980877, 0.874996, 0.660681, 10.000000
0.532160, 0.195652, 0.509309, 1.000000
0.228531, 0.304359, 0.454687, 1.000000
0.618259, 0.275146, 0.205499, 3.000000
0.922380, 0.849080, 0.875560, 11.000000
0.768464, 0.178674, 0.470765, 4.000000
0.794149, 0.293579, 0.116461, 3.000000
0.324485, 0.288191, 0.329294, 0.000000
0.264174, 0.853340, 0.928847, 8.000000
0.865505, 1.000000, 0.864903, 11.000000
0.130949, 0.172982, 0.070068, 0.000000
0.286070, 0.865070, 0.513809, 7.000000
0.186648, 1.000000, 0.252498, 6.000000
1.000000, 0.422003, 0.832056, 11.000000
0.152224, 0.256524, 0.225238, 0.000000
0.637024, 0.345450, 0.241287, 3.000000
0.660353, 0.128351, 0.474447, 4.000000
0.796232, 1.000000, 0.565052, 10.000000
0.893098, 0.874847, 0.484835, 10.000000
1.000000, 0.982280, 0.827718, 11.000000
0.892161, 0.681766, 0.150250, 9.000000
0.233142, 0.290301, 0.084996, 0.000000
0.600838, 0.277992, 0.862384, 5.000000
0.508789, 0.946812, 0.717910, 7.000000
0.691438, 0.778533, 0.306248, 9.000000
0.084691, 1.000000, 0.996950, 8.000000
0.017294, 0.902967, 0.293670, 7.000000
0.946327, 0.833578, 0.405401, 9.000000
0.218115, 0.835103, 0.551672, 7.000000
0.135219, 0.788466, 0.658674, 7.000000
0.296787, 0.810352, 0.873193, 8.000000
0.572265, 0.271290, 0.905008, 5.000000
0.071475, 0.246704, 0.066159, 0.000000
0.587563, 0.297093, 0.321226, 3.000000
0.614853, 0.269620, 0.805657, 5.000000
0.608670, 0.211921, 0.082676, 3.000000
0.811202, 0.695888, 0.483915, 10.000000
0.202326, 0.700326, 0.923639, 8.000000
0.454955, 0.204871, 0.904017, 2.000000
0.663562, 0.163638, 0.990847, 5.000000
0.178300, 0.285362, 0.051369, 0.000000
0.861051, 0.726544, 0.492586, 10.000000
0.253753, 0.930337, 0.587993, 7.000000
0.103014, 0.292862, 0.655790, 1.000000
0.800125, 0.333971, 0.647363, 4.000000
0.622601, 0.227050, 0.425859, 4.000000
0.596527, 0.167007, 0.763664, 5.000000
0.648387, 0.188273, 0.880957, 5.000000
0.965936, 0.828806, 1.000000, 11.000000
0.642536, 0.087610, 0.448991, 4.000000
0.719553, 0.343338, 0.431778, 4.000000
0.374220, 0.892830, 0.927939, 8.000000
0.186857, 0.825297, 0.051141, 6.000000
0.197723, 0.245608, 0.125206, 0.000000
0.601438, 0.328731, 0.578083, 4.000000
0.185920, 0.829409, 0.095782, 6.000000
0.281049, 1.000000, 0.437012, 7.000000
0.237278, 0.149812, 0.934997, 2.000000
0.235834, 1.000000, 0.822396, 8.000000
0.984365, 0.842353, 0.778059, 11.000000
0.768605, 0.773568, 0.248820, 9.000000
0.272166, 0.293948, 0.805738, 2.000000
0.998776, 0.956899, 0.430121, 10.000000
0.794652, 0.919095, 0.201102, 9.000000
0.065400, 0.882349, 0.675081, 7.000000
0.820961, 0.253059, 0.606331, 4.000000
0.946459, 0.876278, 0.804460, 11.000000
0.091374, 1.000000, 0.786780, 8.000000
0.605168, 0.322419, 0.606868, 4.000000
0.094350, 0.229934, 0.311091, 1.000000
0.240973, 0.313705, 0.570046, 1.000000
0.156920, 0.303232, 0.273089, 0.000000
0.720704, 1.000000, 0.872521, 11.000000
0.674938, 0.175853, 0.867839, 5.000000
0.340430, 0.063697, 0.918301, 2.000000
1.000000, 0.981831, 0.226753, 9.000000
0.206494, 0.136402, 0.021702, 0.000000
0.613250, 1.000000, 0.841608, 11.000000
0.693722, 0.285279, 0.494155, 4.000000
0.899093, 1.000000, 0.385291, 9.000000
0.568247, 0.290477, 0.559690, 4.000000
0.731804, 0.254906, 0.557227, 4.000000
0.149042, 0.042617, 0.091314, 0.000000
0.200924, 0.125137, 0.626395, 1.000000
0.723668, 1.000000, 0.223746, 9.000000
0.288357, 0.767277, 0.966652, 8.000000
0.356277, 0.867075, 1.000000, 8.000000
0.933405, 0.719091, 0.303370, 10.000000
0.617822, 0.256520, 0.653660, 4.000000
0.826787, 0.858984, 0.986952, 11.000000
0.891108, 0.963986, 1.000000, 11.000000
0.314333, 0.889325, 0.179452, 6.000000
0.188534, 0.844050, 0.274695, 6.000000
0.061908, 0.861767, 0.673410, 7.000000
0.848780, 0.866576, 0.523070, 10.000000
0.565180, 0.325701, 1.000000, 5.000000
0.713555, 1.000000, 0.706735, 10.000000
0.027478, 0.606459, 0.917821, 8.000000
0.386830, 0.084746, 0.879331, 5.000000
0.295650, 0.294552, 0.610969, 1.000000
0.740193, 0.100053, 1.000000, 5.000000
0.145431, 0.995948, 0.932492, 8.000000
0.007847, 0.853373, 0.353046, 7.000000
0.929545, 0.779327, 0.215482, 9.000000
0.116789, 0.365705, 0.297884, 0.000000
0.790656, 0.084005, 0.868677, 5.000000
0.643604, 0.206659, 0.370032, 3.000000
0.764159, 0.297065, 0.597795, 4.000000
0.686859, 0.157467, 0.934596, 5.000000
0.913424, 0.809147, 0.287634, 9.000000
0.606126, 0.081365, 0.491362, 4.000000
0.572888, 0.238927, 0.266752, 3.000000
0.266364, 0.846704, 0.590693, 7.000000
0.188461, 0.723669, 0.000000, 6.000000
0.704351, 0.081747, 0.570392, 4.000000
0.264468, 0.838141, 0.582002, 7.000000
0.293503, 0.163439, 0.815881, 2.000000
0.861064, 0.821073, 0.007506, 9.000000
0.075494, 0.058303, 0.656969, 1.000000
0.730485, 0.784804, 0.891983, 11.000000
0.135256, 0.834384, 1.000000, 8.000000
0.655306, 0.040930, 0.085712, 3.000000
0.330853, 0.246573, 0.855886, 2.000000
0.937161, 0.872380, 0.649646, 10.000000
0.268885, 0.257379, 0.132678, 0.000000
0.963622, 0.768706, 0.305992, 9.000000
0.242151, 0.506552, 0.515591, 1.000000
0.598365, 0.838365, 0.258346, 9.000000
0.003465, 0.212396, 0.970874, 2.000000
0.237444, 0.108246, 0.054318, 0.000000
0.206986, 0.885069, 0.929657, 8.000000
0.806944, 0.760433, 0.197157, 9.000000
0.710782, 0.194645, 0.707767, 5.000000
0.245313, 0.879062, 0.427836, 7.000000
0.065423, 0.140004, 0.968716, 2.000000
0.082436, 0.072006, 0.018683, 0.000000
0.123865, 0.953903, 0.126308, 6.000000
0.174996, 0.759972, 0.524420, 7.000000
0.985459, 0.913809, 0.210410, 9.000000
0.822468, 1.000000, 1.000000, 11.000000
0.643985, 0.273650, 0.373124, 3.000000
0.198281, 0.047871, 0.733945, 2.000000
0.095438, 0.878663, 0.067909, 6.000000
0.621818, 0.109872, 0.820665, 5.000000
0.708153, 0.226690, 0.750821, 5.000000
0.767208, 0.197717, 0.831795, 5.000000
0.138294, 0.260341, 0.912250, 2.000000
0.950857, 0.876620, 0.510847, 10.000000
0.775956, 0.884979, 0.798818, 10.000000
0.166439, 0.919848, 0.385471, 7.000000
0.125011, 1.000000, 0.896832, 8.000000
0.630238, 0.213039, 0.852486, 5.000000
0.910089, 0.888881, 0.154901, 9.000000
0.223201, 0.098223, 0.655794, 1.000000
0.654865, 0.380972, 0.135101, 3.000000
0.951551, 0.862066, 0.312004, 9.000000
1.000000, 0.877298, 0.479796, 10.000000
0.068195, 0.932651, 0.768982, 8.000000
0.635089, 0.292191, 0.513185, 4.000000
0.947072, 0.824796, 0.997681, 11.000000
0.843102, 1.000000, 0.759788, 10.000000
0.335154, 0.140212, 0.181395, 0.000000
0.088614, 0.231763, 0.885924, 2.000000
0.187654, 0.196413, 0.092210, 0.000000
0.709176, 0.169809, 0.859687, 5.000000
0.844216, 0.813976, 0.862382, 11.000000
0.729497, 0.165860, 0.504725, 4.000000
0.708767, 0.246428, 0.529935, 4.000000
0.117876, 0.979600, 0.620121, 7.000000
0.645347, 0.134166, 0.399081, 4.000000
0.528863, 0.165982, 0.833032, 5.000000
0.095297, 0.900189, 0.919692, 8.000000
0.684906, 0.144946, 0.259409, 3.000000
0.225204, 1.000000, 0.384461, 7.000000
0.766283, 0.737404, 0.291540, 9.000000
0.705538, 0.870176, 0.390954, 10.000000
0.188387, 1.000000, 0.503005, 7.000000
0.136655, 0.815882, 0.733921, 8.000000
0.184483, 0.067995, 0.152035, 0.000000
0.212192, 0.175450, 0.569900, 1.000000
0.087792, 0.285584, 0.052959, 0.000000
0.269490, 0.998667, 0.498661, 7.000000
0.308602, 0.269916, 0.934623, 2.000000
0.993842, 0.904461, 0.318756, 9.000000
0.222804, 0.840433, 0.646294, 7.000000
0.872226, 0.949313, 0.813471, 11.000000
0.260162, 0.521079, 0.230486, 6.000000
0.732257, 0.771568, 0.251860, 9.000000
0.921254, 0.808042, 0.559063, 10.000000
0.098539, 0.867771, 0.706616, 7.000000
0.913440, 0.924028, 0.563467, 10.000000
0.102583, 0.825166, 0.378180, 7.000000
0.969223, 0.832483, 0.095342, 9.000000
0.807991, 0.848125, 0.119836, 9.000000
0.735180, 0.090472, 0.805177, 5.000000
0.825203, 0.782525, 0.777919, 11.000000
0.272416, 0.208518, 0.802124, 2.000000
0.894161, 1.000000, 0.781732, 11.000000
0.317669, 0.335502, 0.210364, 0.000000
0.236542, 0.812969, 0.489419, 7.000000
0.919399, 1.000000, 0.824007, 11.000000
0.712134, 0.240495, 0.906478, 5.000000
0.206057, 1.000000, 0.374613, 6.000000
0.640947, 0.180091, 0.558322, 4.000000
0.806103, 0.856489, 0.780178, 11.000000
0.518517, 0.163172, 0.816750, 5.000000
0.644504, 0.131199, 0.974410, 5.000000
0.205284, 0.192554, 1.000000, 2.000000
0.224438, 0.160927, 0.722077, 2.000000
0.157978, 0.100210, 0.587787, 1.000000
0.125840, 0.796851, 0.174856, 6.000000
0.631901, 0.280359, 0.174459, 3.000000
0.161595, 0.270206, 0.911247, 2.000000
0.147227, 0.899353, 0.868005, 8.000000
0.666619, 0.204511, 0.543623, 4.000000
0.218969, 0.978996, 0.957500, 8.000000
0.247667, 0.140913, 0.722799, 1.000000
0.863755, 1.000000, 0.594726, 10.000000
0.471251, 0.194407, 0.190840, 3.000000
0.200808, 0.345772, 0.069956, 0.000000
0.172968, 0.280581, 0.875430, 2.000000
0.272347, 0.820594, 0.110464, 6.000000
0.546542, 0.072692, 0.307118, 3.000000
0.116861, 0.166750, 0.238337, 1.000000
0.294369, 0.990065, 0.526929, 7.000000
0.614792, 0.374833, 0.714660, 5.000000
1.000000, 0.802532, 0.978298, 11.000000
0.846497, 0.869571, 0.653989, 10.000000
0.115945, 0.706347, 0.323122, 6.000000
0.014007, 0.944212, 0.361541, 6.000000
0.500946, 0.117159, 0.937120, 5.000000
0.049460, 0.088514, 0.588697, 1.000000
0.209595, 0.829737, 0.813318, 8.000000
0.148231, 0.836008, 0.189452, 6.000000
0.889121, 0.878982, 0.497388, 10.000000
0.507669, 0.212452, 0.851999, 5.000000
1.000000, 0.852139, 0.563211, 10.000000
0.108475, 0.824481, 0.603468, 7.000000
0.315592, 0.907600, 0.182813, 6.000000
0.626161, 0.010650, 0.174072, 3.000000
0.167833, 0.967786, 0.484220, 7.000000
0.207213, 0.195310, 0.145120, 0.000000
0.793871, 1.000000, 0.123399, 9.000000
0.732803, 0.108369, 0.732702, 4.000000
0.156580, 0.882202, 0.886206, 8.000000
0.679937, 0.218128, 0.375073, 3.000000
0.474882, 0.000000, 0.880924, 5.000000
0.907605, 0.875385, 0.328631, 10.000000
0.611100, 0.069939, 0.199797, 3.000000
0.269804, 0.396150, 0.662103, 1.000000
0.639255, 0.117323, 0.468018, 4.000000
0.175425, 0.094693, 0.851320, 2.000000
0.261637, 0.109817, 0.772932, 2.000000
0.811730, 0.947737, 0.251158, 9.000000
0.166842, 0.735939, 0.304569, 6.000000
0.310789, 0.990534, 0.765696, 8.000000
0.291774, 0.286611, 0.873754, 2.000000
0.163104, 0.751430, 0.555406, 7.000000
0.780944, 0.896789, 0.694201, 10.000000
0.078908, 0.116786, 0.068253, 0.000000
0.642917, 0.435802, 0.252943, 3.000000
0.188160, 0.840184, 0.000000, 6.000000
0.119624, 0.951602, 0.479600, 7.000000
0.175690, 0.296772, 0.894551, 2.000000
0.210438, 0.776831, 0.336395, 6.000000
0.357382, 0.909050, 0.980448, 8.000000
0.644498, 0.206784, 0.226346, 3.000000
0.850300, 0.791088, 0.973791, 11.000000
0.050845, 0.833054, 0.916525, 8.000000
0.167753, 0.224441, 0.465086, 1.000000
0.223344, 0.248432, 0.846326, 2.000000
0.848369, 0.781824, 0.885162, 11.000000
0.195107, 0.891173, 0.697178, 8.000000
0.850872, 0.845453, 0.988942, 11.000000
0.000000, 0.878073, 0.210713, 6.000000
0.288071, 0.695126, 0.507676, 7.000000
0.676615, 0.107767, 0.642974, 4.000000
0.180539, 0.286000, 0.873051, 2.000000
0.565636, 0.242759, 0.805179, 5.000000
0.280412, 0.892220, 0.672506, 8.000000
0.533869, 0.310083, 0.828570, 5.000000
0.225943, 1.000000, 0.549468, 7.000000
0.173969, 0.000876, 0.938640, 2.000000
0.644987, 0.334279, 0.593867, 4.000000
1.000000, 0.923185, 0.563233, 10.000000
0.315062, 0.204019, 0.614824, 1.000000
0.646845, 0.322668, 0.864802, 5.000000
0.821153, 0.816490, 0.715698, 10.000000
0.000000, 0.000000, 0.844459, 2.000000
0.044764, 0.826351, 0.372714, 7.000000
0.264224, 0.004486, 1.000000, 2.000000
0.165341, 0.808583, 0.867425, 8.000000
0.151707, 0.777906, 0.620345, 8.000000
0.318708, 0.890813, 0.896507, 8.000000
0.769318, 0.862117, 0.527163, 10.000000
0.140187, 0.943107, 0.174325, 6.000000
0.136837, 0.238840, 0.739595, 2.000000
0.145451, 0.077244, 0.422778, 1.000000
0.941367, 0.838304, 0.348380, 9.000000
0.818796, 0.889896, 0.923678, 11.000000
0.325969, 0.918997, 0.116998, 6.000000
0.141560, 0.874725, 0.697023, 7.000000
0.123992, 0.117151, 0.252553, 0.000000
0.216182, 0.178301, 0.732395, 2.000000
0.319823, 0.869190, 0.728144, 7.000000
0.332600, 0.992034, 0.951267, 8.000000
0.611141, 0.232797, 0.862900, 5.000000
0.934231, 0.062443, 0.643322, 4.000000
0.305138, 0.883937, 0.837351, 8.000000
0.731681, 0.196100, 0.186224, 3.000000
0.875000, 0.708199, 0.514688, 10.000000
0.453146, 0.292718, 1.000000, 5.000000
0.882725, 1.000000, 0.304880, 9.000000
0.308199, 0.897105, 0.683200, 7.000000
0.325549, 0.323385, 0.629668, 1.000000
0.726896, 0.081277, 0.925495, 5.000000
0.697558, 0.090634, 0.169519, 3.000000
1.000000, 0.940595, 0.644086, 10.000000
0.688028, 0.823653, 0.489229, 10.000000
0.219469, 0.093987, 0.502778, 1.000000
0.322225, 0.794441, 0.578773, 7.000000
0.856549, 0.831495, 0.733554, 11.000000
0.790744, 0.385041, 0.508820, 4.000000
0.701780, 0.106901, 0.653082, 4.000000
0.855707, 0.997170, 0.187454, 9.000000
0.701246, 0.121687, 0.434536, 4.000000
0.683351, 0.123585, 0.174628, 3.000000
0.865530, 0.879966, 0.795648, 11.000000
0.865001, 0.836377, 0.533186, 10.000000
0.853505, 0.927774, 0.156788, 9.000000
0.688817, 0.128483, 0.211194, 3.000000
0.230980, 0.166092, 1.000000, 2.000000
0.355082, 0.950822, 0.956907, 8.000000
0.053129, 0.226605, 0.908538, 2.000000
0.694007, 0.123401, 0.835113, 5.000000
0.919776, 0.822226, 0.867694, 11.000000
0.268362, 0.210872, 0.539478, 1.000000
0.298935, 0.269420, 0.864108, 2.000000
0.761902, 0.145567, 0.521985, 4.000000
0.144831, 0.388309, 0.683263, 1.000000
0.078250, 0.203236, 0.839194, 2.000000
0.698868, 0.905601, 0.233040, 9.000000
0.221865, 0.187054, 0.943680, 2.000000
0.192607, 0.237685, 0.575674, 1.000000
0.698378, 0.099163, 0.661382, 4.000000
0.326189, 0.915779, 0.170387, 6.000000
0.780354, 0.940540, 0.187714, 9.000000
0.238421, 0.768713, 0.869704, 8.000000
0.264595, 1.000000, 0.097245, 6.000000
0.178830, 0.186666, 0.067896, 0.000000
0.493291, 0.419342, 0.597881, 4.000000
0.603954, 0.232968, 0.638072, 4.000000
0.206121, 0.975816, 0.985846, 8.000000
0.434988, 0.883138, 0.315160, 6.000000
0.887865, 1.000000, 0.477322, 10.000000
0.825036, 0.780769, 0.863280, 11.000000
0.103707, 0.846144, 0.205444, 6.000000
0.623336, 0.087623, 0.622621, 4.000000
0.902401, 0.946747, 0.000000, 9.000000
1.000000, 0.979062, 0.843537, 11.000000
0.276268, 0.724881, 1.000000, 8.000000
0.308435, 0.829696, 0.117733, 6.000000
0.676206, 0.201362, 0.470541, 4.000000
0.052780, 0.259667, 0.089043, 0.000000
0.914025, 0.851216, 0.304214, 9.000000
0.363726, 0.746041, 0.606322, 7.000000
0.230462, 0.780541, 0.718507, 7.000000
0.371785, 0.193512, 0.735319, 2.000000
0.247435, 0.890729, 0.913665, 8.000000
0.900033, 0.833875, 0.417721, 10.000000
0.650252, 0.304348, 0.226596, 3.000000
0.031678, 0.899592, 0.799277, 8.000000
0.661805, 0.344153, 0.823159, 5.000000
0.240421, 0.176996, 0.181624, 0.000000
0.274191, 0.971386, 0.979390, 8.000000
0.293838, 0.180126, 0.789218, 1.000000
0.539037, 0.273426, 0.471402, 4.000000
0.784318, 0.999664, 0.169955, 9.000000
0.906379, 0.620287, 0.025659, 9.000000
0.662200, 0.354425, 0.135338, 3.000000
0.289299, 0.857941, 0.013751, 6.000000
1.000000, 0.756595, 0.028515, 9.000000
0.197193, 0.759690, 0.523834, 7.000000
0.602068, 0.044789, 0.459869, 4.000000
0.271011, 0.280005, 0.837271, 2.000000
0.133192, 0.300029, 0.700388, 1.000000
0.175541, 0.397239, 0.733277, 2.000000
0.308669, 0.885995, 0.274687, 6.000000
0.179934, 0.896365, 0.929208, 8.000000
0.686645, 0.873164, 0.212458, 9.000000
0.154234, 0.147337, 0.728738, 2.000000
0.215308, 0.329118, 0.333175, 0.000000
0.174403, 0.160611, 0.667054, 1.000000
0.711317, 0.925318, 0.082245, 9.000000
0.160507, 0.898908, 0.052307, 6.000000
0.591832, 0.173420, 0.756318, 5.000000
0.698279, 0.264141, 0.137747, 3.000000
0.200785, 0.869983, 0.492293, 7.000000
0.473983, 0.846217, 0.471103, 7.000000
0.209320, 0.196428, 0.104184, 0.000000
0.077255, 0.176894, 0.326774, 0.000000
0.915011, 0.890957, 0.494375, 10.000000
0.355728, 0.779784, 1.000000, 8.000000
0.133138, 0.173351, 0.120228, 0.000000
0.748976, 0.790159, 0.249773, 9.000000
0.190601, 0.088499, 0.487197, 1.000000
0.736526, 0.841303, 0.473695, 10.000000
0.125036, 0.321805, 0.079208, 0.000000
0.698101, 0.097588, 0.111259, 3.000000
0.258451, 0.277985, 0.170290, 0.000000
0.958580, 0.731219, 0.576614, 10.000000
0.239437, 0.838505, 0.799963, 8.000000
0.619303, 0.229442, 0.524797, 4.000000
0.068451, 0.942311, 0.621570, 7.000000
0.000000, 0.796822, 0.602177, 7.000000
0.003730, 0.185702, 0.750619, 2.000000
0.159943, 0.854029, 0.931227, 8.000000
0.631992, 0.087933, 0.327092, 3.000000
0.771986, 0.974670, 0.932143, 11.000000
0.633346, 0.122578, 0.975321, 5.000000
0.065052, 0.865252, 0.585018, 7.000000
1.000000, 1.000000, 0.086997, 9.000000
0.246191, 0.929316, 0.546511, 7.000000
0.838986, 0.847820, 0.194484, 9.000000
0.261273, 0.930222, 0.986146, 8.000000
0.811794, 0.921352, 0.847314, 11.000000
0.196823, 0.204265, 0.565854, 1.000000
0.983928, 0.922144, 0.342972, 10.000000
0.742608, 0.260990, 0.901578, 5.000000
0.630000, 0.206591, 0.873351, 5.000000
0.693903, 0.239184, 0.581508, 4.000000
0.168472, 0.236790, 0.512198, 1.000000
0.896956, 0.353354, 0.584469, 4.000000
0.219585, 0.421967, 0.945593, 2.000000
0.120752, 0.303951, 0.937039, 2.000000
0.703004, 0.026907, 0.274155, 3.000000
1.000000, 0.793053, 0.000000, 9.000000
0.130701, 0.299242, 0.211469, 0.000000
0.827011, 0.269010, 0.987968, 5.000000
0.174424, 0.196778, 0.487871, 1.000000
0.875245, 0.907637, 0.640783, 10.000000
0.787313, 0.870428, 0.336191, 9.000000
0.318102, 1.000000, 0.219208, 6.000000
0.784544, 0.429179, 0.283846, 3.000000
0.078738, 0.940121, 0.467118, 7.000000
0.990770, 0.860034, 0.447772, 10.000000
0.420937, 0.145581, 0.382104, 1.000000
0.890197, 0.975563, 0.196145, 9.000000
0.215484, 0.809656, 0.119806, 6.000000
0.276162, 0.961473, 0.957956, 8.000000
0.832371, 0.302345, 0.774511, 5.000000
0.580384, 0.868171, 0.914313, 8.000000
0.196442, 0.118919, 0.452211, 1.000000
0.712076, 0.174467, 0.204762, 3.000000
0.356054, 0.162367, 0.743591, 5.000000
0.177400, 0.763787, 0.593931, 7.000000
0.232403, 0.871207, 0.259477, 6.000000
0.940802, 0.869396, 0.000000, 9.000000
0.711940, 0.249511, 0.910006, 5.000000
0.452462, 0.814884, 0.284824, 6.000000
0.796991, 0.866059, 0.529347, 10.000000
0.221270, 0.000000, 0.095432, 0.000000
0.861593, 0.870864, 0.946268, 11.000000
0.133362, 0.831644, 0.053407, 6.000000
0.835732, 0.839380, 0.237538, 9.000000
0.908980, 0.963808, 0.500095, 10.000000
0.979052, 0.294807, 0.679953, 4.000000
0.304904, 0.201457, 0.467633, 1.000000
0.076271, 0.948809, 0.424276, 7.000000
0.825296, 0.122958, 0.554922, 4.000000
0.270705, 0.236019, 0.615396, 1.000000
0.119675, 0.159192, 0.102512, 0.000000
0.536465, 0.234308, 0.459859, 4.000000
0.099590, 0.105124, 0.861482, 2.000000
0.240951, 0.225349, 0.678621, 2.000000
0.172354, 0.311021, 0.451539, 1.000000
0.198748, 0.249218, 0.690432, 1.000000
0.796604, 0.929983, 0.259163, 9.000000
0.252300, 0.865473, 0.668063, 7.000000
0.156313, 0.874985, 0.868649, 8.000000
0.141116, 0.933828, 0.713155, 7.000000
0.900916, 0.774545, 0.065424, 9.000000
1.000000, 0.898769, 0.843269, 11.000000
0.254722, 0.007196, 0.493014, 1.000000
0.078256, 0.788508, 0.936599, 8.000000
0.403770, 0.795389, 0.186070, 6.000000
0.239266, 0.807548, 1.000000, 8.000000
0.647461, 0.272049, 0.516235, 4.000000
0.128432, 0.899338, 0.465429, 7.000000
0.784633, 0.807600, 0.142736, 9.000000
0.381291, 0.233763, 0.468802, 1.000000
0.762458, 0.977374, 0.813414, 11.000000
0.188272, 0.179867, 0.540489, 1.000000
0.049587, 0.232720, 0.634642, 1.000000
0.950066, 0.895413, 0.233324, 9.000000
1.000000, 0.806975, 0.766721, 11.000000
0.186661, 0.744107, 0.263024, 6.000000
0.115371, 0.167131, 0.258491, 0.000000
0.015103, 0.758179, 0.205387, 6.000000
0.158512, 0.833135, 0.215101, 6.000000
0.861506, 0.872652, 0.455265, 10.000000
0.679412, 0.145287, 0.501337, 4.000000
0.291500, 0.272385, 0.445716, 1.000000
0.678439, 0.241473, 0.490425, 4.000000
0.717949, 0.100728, 0.762005, 5.000000
0.264252, 0.843195, 1.000000, 8.000000
0.638655, 0.269314, 0.113241, 3.000000
0.680071, 0.118939, 0.569329, 4.000000
0.828260, 0.946943, 0.861978, 11.000000
0.689162, 0.137702, 0.774437, 5.000000
0.827016, 0.851534, 0.208280, 9.000000
0.834949, 0.000000, 0.862471, 5.000000
0.796208, 0.954819, 0.873669, 11.000000
0.720297, 0.159228, 0.656493, 4.000000
0.725843, 0.810075, 0.848205, 11.000000
0.142585, 0.951923, 0.569551, 7.000000
0.237243, 0.194837, 0.116842, 0.000000
0.269820, 0.137362, 0.607749, 1.000000
0.853667, 0.865813, 0.732109, 11.000000
0.460035, 0.951391, 0.618089, 7.000000
0.167029, 0.702275, 0.446096, 7.000000
0.915285, 0.181480, 0.163415, 3.000000
0.744564, 0.161652, 1.000000, 5.000000
0.682599, 0.221848, 0.203063, 3.000000
0.547620, 0.276497, 0.850830, 5.000000
0.748063, 0.107980, 0.775555, 5.000000
0.316102, 1.000000, 0.958488, 8.000000
0.385144, 0.981419, 0.244025, 6.000000
0.630285, 0.093901, 0.787836, 5.000000
0.161896, 0.840058, 0.125062, 6.000000
0.095963, 0.755086, 0.271178, 6.000000
0.000000, 0.188342, 0.222162, 1.000000
0.147227, 0.904373, 0.644249, 8.000000
0.890235, 0.065728, 0.352456, 3.000000
0.551348, 0.160190, 0.230079, 3.000000
0.687494, 0.702972, 0.280376, 9.000000
0.762470, 0.340783, 0.586886, 4.000000
0.258135, 0.912704, 0.917834, 8.000000
0.248661, 0.913533, 0.405564, 7.000000
0.045291, 0.681392, 0.607904, 7.000000
0.027976, 0.413273, 0.865074, 2.000000
0.660678, 0.098962, 0.563232, 4.000000
0.272625, 0.216551, 0.183530, 0.000000
0.337629, 0.168664, 0.162304, 0.000000
0.970661, 0.852320, 0.210638, 9.000000
0.856339, 0.895764, 1.000000, 11.000000
0.242936, 0.922825, 0.965004, 8.000000
0.258555, 0.259494, 0.894463, 2.000000
0.301826, 0.346232, 0.823799, 2.000000
0.774847, 0.120073, 0.450372, 4.000000
0.109229, 0.423685, 0.549074, 1.000000
0.116868, 0.763646, 0.196199, 6.000000
0.344723, 0.877046, 0.916963, 8.000000
0.072213, 0.180008, 0.586767, 1.000000
0.130237, 0.765725, 0.157879, 6.000000
0.903007, 0.950453, 0.268214, 9.000000
0.983840, 0.945127, 0.271487, 9.000000
0.271791, 0.850306, 0.357870, 6.000000
0.976222, 0.819401, 0.926347, 11.000000
0.267302, 0.859158, 0.971274, 8.000000
0.266958, 0.942890, 0.184014, 6.000000
0.401368, 0.922808, 0.714000, 8.000000
0.334761, 0.741066, 0.635608, 8.000000
0.950158, 0.768120, 0.544843, 10.000000
0.171735, 0.758417, 0.164043, 6.000000
0.755919, 0.777276, 0.889141, 11.000000
0.290691, 0.883669, 1.000000, 8.000000
0.898396, 0.829250, 0.392081, 10.000000
0.023862, 0.847734, 0.714450, 8.000000
0.846961, 0.024845, 0.205406, 3.000000
0.277089, 0.198245, 0.555398, 1.000000
0.760530, 0.948476, 0.330177, 9.000000
0.754843, 0.273642, 0.708328, 5.000000
0.983471, 0.000000, 0.695280, 5.000000
0.907059, 0.893082, 0.997303, 11.000000
0.263139, 0.136434, 0.293794, 0.000000
0.622135, 0.214102, 0.443251, 4.000000
0.036749, 0.755507, 0.318716, 6.000000
0.212707, 0.726656, 0.052343, 6.000000
0.677504, 0.846193, 0.393270, 10.000000
0.308309, 0.372246, 0.795819, 2.000000
0.923919, 0.858899, 0.734749, 11.000000
0.772090, 0.787321, 0.203038, 9.000000
0.686663, 0.077567, 0.339383, 4.000000
0.932560, 0.845389, 0.478990, 10.000000
0.257308, 0.913613, 0.856342, 8.000000
0.960532, 0.820593, 0.826639, 11.000000
0.108384, 0.907027, 0.867022, 8.000000
0.802432, 0.994755, 0.782344, 11.000000
0.561013, 0.204480, 0.234499, 3.000000
0.167264, 0.260836, 0.808949, 2.000000
0.680424, 0.177328, 0.518542, 4.000000
0.216807, 0.922495, 0.551315, 7.000000
0.305066, 0.233736, 0.687519, 2.000000
0.806086, 0.376040, 0.652137, 4.000000
0.876385, 0.781000, 0.173256, 9.000000
0.750537, 0.350936, 0.114260, 3.000000
0.180484, 0.232217, 0.903799, 2.000000
0.773999, 1.000000, 0.128501, 9.000000
0.773490, 0.269701, 0.620740, 4.000000
0.139876, 0.216576, 0.685406, 1.000000
0.822056, 0.665944, 0.625721, 10.000000
0.032405, 0.356070, 0.191458, 0.000000
0.230343, 0.794350, 0.939306, 8.000000
0.146775, 0.274591, 0.780693, 2.000000
0.281169, 0.143025, 0.493177, 1.000000
0.344613, 1.000000, 0.803016, 8.000000
0.832495, 0.827596, 0.861923, 11.000000
0.202806, 0.803814, 0.503995, 7.000000
0.750565, 0.327469, 0.184001, 3.000000
0.317766, 0.106476, 0.930697, 2.000000
0.695784, 0.146209, 0.105427, 3.000000
0.755821, 0.904218, 0.369796, 9.000000
0.309368, 0.086084, 0.620714, 1.000000
0.913848, 0.842817, 0.455435, 10.000000
0.116599, 0.135954, 0.820212, 2.000000
0.937105, 0.861501, 0.071134, 9.000000
0.255437, 0.164505, 0.296015, 0.000000
0.234495, 0.367326, 0.456208, 1.000000
0.217039, 0.203927, 0.781528, 2.000000
0.123467, 0.835963, 0.032915, 6.000000
0.150279, 0.249727, 0.545779, 1.000000
0.911374, 0.863867, 0.695405, 11.000000
0.000000, 0.153172, 0.718935, 2.000000
0.721156, 0.288620, 0.093161, 3.000000
0.753259, 0.682568, 0.254756, 9.000000
0.910254, 0.674749, 0.292849, 9.000000
0.180487, 0.877620, 0.565854, 7.000000
0.794591, 0.773353, 1.000000, 11.000000
0.561290, 0.186748, 0.034094, 3.000000
0.130638, 0.835120, 0.388835, 6.000000
0.171333, 0.200316, 0.494575, 1.000000
0.739777, 0.212848, 0.809646, 5.000000
0.568264, 0.166436, 0.973585, 5.000000
0.909829, 0.908820, 0.261169, 9.000000
0.219218, 0.182696, 0.577112, 1.000000
0.201376, 0.895493, 0.932042, 8.000000
0.263983, 0.364720, 1.000000, 2.000000
0.850755, 0.820066, 0.459884, 10.000000
0.184327, 0.000000, 0.213901, 0.000000
0.880921, 0.142361, 0.225135, 3.000000
0.269278, 0.851891, 0.763322, 8.000000
0.035421, 0.926157, 0.732255, 8.000000
0.706225, 0.268422, 0.142642, 3.000000
0.624927, 0.410168, 0.180753, 3.000000
0.785180, 0.822783, 0.594700, 10.000000
0.715128, 0.010257, 0.568173, 4.000000
0.830594, 0.686108, 0.224815, 9.000000
0.716904, 0.258296, 0.279382, 3.000000
0.749134, 0.182408, 0.595340, 4.000000
0.666343, 0.000000, 0.898235, 5.000000
0.560243, 0.142826, 0.469868, 4.000000
0.750245, 0.224975, 0.656063, 5.000000
0.701172, 0.277275, 0.255349, 3.000000
0.492628, 0.319856, 0.786429, 5.000000
0.205726, 0.782159, 0.750581, 8.000000
0.693160, 0.003974, 1.000000, 5.000000
0.998488, 0.719134, 0.223951, 9.000000
0.136037, 0.314999, 0.601145, 2.000000
0.223720, 1.000000, 0.254700, 6.000000
0.292044, 0.895287, 0.378026, 7.000000
0.138636, 0.106518, 0.579733, 1.000000
0.279924, 0.256661, 0.180331, 0.000000
0.000000, 0.138148, 0.747740, 2.000000
0.880168, 0.813082, 0.329015, 9.000000
0.019299, 0.154952, 0.729799, 2.000000
0.236541, 1.000000, 0.477314, 7.000000
0.202258, 0.222120, 0.674379, 1.000000
0.933351, 0.111441, 0.215994, 3.000000
0.176756, 1.000000, 0.286280, 6.000000
0.192086, 0.772839, 0.723108, 8.000000
0.481076, 0.203035, 0.547634, 4.000000
0.727387, 0.914162, 0.830911, 11.000000
0.176149, 0.951475, 0.126793, 6.000000
0.104965, 0.731482, 0.218419, 6.000000
0.643249, 0.328021, 0.376182, 3.000000
0.077470, 0.847217, 0.116464, 6.000000
0.290056, 0.211490, 0.115383, 0.000000
0.219476, 0.911779, 0.281988, 6.000000
0.278684, 0.267038, 0.825941, 2.000000
0.820270, 0.774492, 0.308508, 9.000000
0.761941, 0.074772, 0.741575, 5.000000
0.545078, 0.010811, 0.213415, 3.000000
0.958873, 0.853941, 0.174060, 9.000000
0.085352, 0.879537, 0.159747, 6.000000
0.759386, 0.168448, 0.556754, 4.000000
0.251803, 0.339322, 0.515464, 1.000000
0.913231, 0.885981, 0.391387, 10.000000
0.091446, 0.293732, 0.178656, 0.000000
0.666550, 0.318050, 0.829934, 5.000000
0.351780, 0.741564, 1.000000, 8.000000
0.127040, 0.956800, 0.855664, 8.000000
0.261073, 0.115221, 1.000000, 2.000000
0.362419, 0.099393, 0.588868, 1.000000
0.869891, 0.711896, 0.533352, 10.000000
0.603363, 0.226910, 0.478195, 4.000000
0.789756, 0.926777, 0.284663, 9.000000
0.888389, 0.984999, 0.228213, 9.000000
0.420879, 0.858253, 0.773772, 8.000000
0.343237, 0.243950, 0.656919, 1.000000
0.587640, 0.236566, 0.374413, 3.000000
0.741460, 0.852473, 0.694763, 11.000000
0.824415, 0.783423, 0.755565, 11.000000
0.717373, 0.071857, 0.836203, 5.000000
0.764139, 0.684747, 0.765156, 11.000000
0.734163, 0.281213, 0.844772, 5.000000
0.903542, 0.878050, 0.767781, 11.000000
0.176791, 0.817277, 0.512903, 7.000000
0.691695, 0.148464, 0.576465, 4.000000
0.554449, 0.543787, 0.580293, 5.000000
0.620181, 0.837467, 0.991662, 11.000000
0.246561, 0.307059, 0.920495, 2.000000
1.000000, 0.851634, 0.600138, 10.000000
0.112256, 0.842828, 0.149541, 6.000000
0.200438, 0.911931, 0.251511, 6.000000
0.311756, 1.000000, 0.092174, 6.000000
0.744542, 0.225782, 0.438248, 4.000000
0.774437, 0.239096, 0.599224, 4.000000
0.224056, 0.836566, 0.784402, 8.000000
0.672200, 0.249154, 0.568644, 4.000000
0.648630, 0.113248, 0.206751, 3.000000
0.537378, 0.324260, 0.258781, 3.000000
0.304850, 0.918433, 0.129074, 6.000000
0.610840, 0.174663, 0.552870, 4.000000
0.747686, 0.244316, 0.740321, 5.000000
0.314933, 0.140335, 0.588894, 1.000000
0.268087, 0.298086, 0.460704, 1.000000
0.245209, 0.160393, 0.962733, 2.000000
0.419676, 0.834889, 0.865098, 8.000000
0.817704, 0.846405, 0.086051, 9.000000
0.961304, 0.814218, 0.487198, 10.000000
0.117413, 0.957612, 1.000000, 8.000000
0.254911, 0.320769, 0.226943, 0.000000
0.661494, 0.058670, 0.013058, 3.000000
0.252307, 0.992363, 0.885784, 8.000000
0.138938, 0.156943, 0.511148, 1.000000
0.137424, 0.780959, 0.132852, 6.000000
0.780674, 0.827487, 0.726322, 11.000000
0.778319, 0.252222, 0.141723, 3.000000
0.268938, 0.113641, 0.253634, 0.000000
0.277510, 0.471423, 0.116174, 0.000000
0.163345, 0.781652, 0.747878, 7.000000
0.268266, 0.216230, 1.000000, 2.000000
0.236796, 0.010226, 0.950555, 2.000000
0.283215, 0.924025, 0.176703, 6.000000
0.205348, 0.222348, 0.430908, 1.000000
0.258425, 0.778228, 0.192956, 6.000000
0.831241, 0.740621, 0.827129, 11.000000
0.284446, 0.109702, 0.520409, 1.000000
0.094677, 1.000000, 0.005528, 6.000000
0.023851, 0.823545, 0.488059, 7.000000
0.211762, 0.005923, 0.015776, 0.000000
0.560331, 0.174011, 0.104110, 3.000000
0.260410, 0.926010, 0.749304, 8.000000
0.052273, 0.727414, 0.470401, 7.000000
0.332907, 0.260163, 0.000000, 0.000000
0.622883, 0.176450, 0.930813, 5.000000
1.000000, 0.881035, 0.074624, 9.000000
0.643194, 0.137288, 0.534101, 4.000000
0.797017, 0.946237, 0.853781, 11.000000
0.784099, 0.430192, 0.197729, 3.000000
0.092947, 0.113828, 0.896560, 2.000000
0.096756, 0.876401, 0.206862, 6.000000
0.596462, 0.189112, 0.339237, 3.000000
0.855168, 0.818478, 0.186073, 9.000000
0.149768, 0.814277, 0.886190, 8.000000
0.318295, 0.245959, 0.405777, 1.000000
0.161196, 0.997038, 0.161479, 6.000000
0.280225, 0.155480, 0.586310, 1.000000
0.255307, 0.223562, 0.217768, 0.000000
0.214647, 0.051161, 0.813865, 2.000000
0.707532, 0.057319, 0.308879, 3.000000
0.135499, 0.814952, 0.779728, 8.000000
0.661356, 0.349001, 0.785461, 5.000000
0.526990, 0.193662, 0.117772, 3.000000
0.184287, 0.878459, 0.833407, 8.000000
0.138949, 0.357995, 0.904641, 2.000000
0.550451, 0.189501, 0.019135, 3.000000
0.692704, 0.069610, 0.115755, 3.000000
0.605040, 0.211393, 0.803141, 5.000000
0.043225, 0.063145, 0.471825, 1.000000
0.801923, 0.847590, 0.036972, 9.000000
0.679257, 0.906504, 0.925869, 11.000000
0.978966, 0.897805, 0.823048, 11.000000
0.239038, 0.279372, 0.603069, 1.000000
0.626429, 0.256428, 0.219204, 3.000000
0.224007, 1.000000, 0.241031, 6.000000
0.959253, 0.768601, 0.000000, 9.000000
0.159140, 0.836109, 0.978411, 8.000000
0.670784, 0.941361, 0.213615, 9.000000
0.768279, 0.991563, 0.920403, 11.000000
0.718520, 0.189408, 0.931140, 5.000000
0.000000, 0.328331, 0.781545, 2.000000
0.148663, 0.167915, 0.066981, 0.000000
0.809593, 0.816338, 1.000000, 11.000000
0.981206, 0.957282, 0.165680, 9.000000
0.835911, 1.000000, 0.753507, 11.000000
0.598532, 0.283908, 0.574432, 4.000000
0.464092, 0.792824, 1.000000, 8.000000
0.725138, 0.878545, 0.790362, 11.000000
0.013623, 0.798172, 0.207501, 6.000000
0.691926, 0.344932, 0.404773, 4.000000
0.837216, 0.870922, 0.943823, 11.000000
0.960201, 0.697645, 0.193825, 9.000000
0.268201, 0.189960, 0.843112, 2.000000
0.026208, 0.230385, 0.251727, 0.000000
0.256941, 0.170947, 0.291951, 0.000000
0.705313, 0.139407, 0.995602, 5.000000
0.955132, 0.841779, 0.666819, 10.000000
0.215666, 0.278867, 0.000000, 0.000000
0.107360, 0.838154, 0.487864, 7.000000
0.103171, 0.086002, 0.773376, 2.000000
0.274967, 0.143209, 0.374275, 1.000000
0.660677, 0.138576, 0.818053, 5.000000
0.090792, 0.973475, 0.191958, 6.000000
0.243293, 0.530731, 0.454304, 7.000000
0.697284, 0.153721, 0.534997, 4.000000
0.811672, 0.923998, 0.145522, 9.000000
0.260647, 0.220629, 0.601447, 1.000000
0.822924, 0.185306, 0.885943, 5.000000
0.094443, 0.941572, 0.800326, 7.000000
0.811652, 0.767817, 0.519612, 10.000000
0.030277, 0.806039, 0.663004, 7.000000
0.276545, 0.088923, 0.219457, 0.000000
0.250502, 0.141004, 0.497908, 1.000000
0.039044, 0.197890, 0.684943, 1.000000
0.591667, 0.213013, 0.546279, 4.000000
0.652530, 0.243652, 0.956156, 5.000000
0.110961, 0.244644, 0.018891, 0.000000
0.208164, 0.837520, 0.863810, 8.000000
0.800912, 0.087118, 0.425245, 4.000000
0.757602, 0.185841, 1.000000, 5.000000
0.187508, 0.756275, 0.443017, 7.000000
0.241644, 0.091265, 0.587578, 1.000000
0.216356, 0.412944, 0.011650, 0.000000
0.249767, 0.299220, 0.861571, 2.000000
0.800800, 0.804142, 0.524754, 10.000000
0.174801, 0.154090, 0.861721, 2.000000
0.704017, 0.918477, 0.733861, 10.000000
0.131297, 0.189326, 0.482765, 1.000000
0.164398, 0.870440, 0.527617, 7.000000
0.109652, 0.304118, 0.449523, 1.000000
0.212385, 0.776318, 0.971618, 8.000000
0.220694, 0.706781, 0.772034, 8.000000
0.662902, 0.916787, 0.446814, 10.000000
0.620744, 0.201363, 0.266434, 3.000000
0.058175, 0.867431, 0.516806, 7.000000
0.238686, 0.340135, 0.435079, 1.000000
0.276041, 0.106617, 0.109192, 0.000000
0.552808, 0.235976, 0.276878, 3.000000
0.853138, 0.929058, 0.730731, 11.000000
0.719245, 0.257399, 0.988066, 5.000000
0.950808, 0.896745, 0.595576, 10.000000
0.649638, 0.256908, 0.551755, 4.000000
0.623388, 0.079607, 0.077509, 3.000000
0.295326, 1.000000, 0.273232, 6.000000
0.884250, 0.919634, 0.122578, 9.000000
0.161170, 0.823493, 0.159410, 6.000000
0.349493, 0.868310, 0.935356, 8.000000
0.827655, 0.332334, 0.808130, 5.000000
0.035362, 0.881467, 0.214913, 6.000000
0.767820, 0.327971, 0.770282, 5.000000
0.928366, 0.820710, 0.468181, 10.000000
0.247684, 0.255080, 0.508901, 1.000000
0.805425, 0.890853, 0.433603, 10.000000
0.295598, 0.699701, 0.373806, 7.000000
0.195396, 0.578724, 0.139028, 6.000000
0.254483, 0.270450, 0.493407, 1.000000
0.149563, 0.112728, 0.723372, 1.000000
0.126274, 0.150388, 0.018208, 0.000000
0.620740, 0.099670, 0.984691, 5.000000
0.828947, 0.807732, 0.248994, 9.000000
0.209490, 0.198381, 0.112968, 0.000000
0.215842, 0.912356, 0.904358, 8.000000
0.151079, 0.333654, 0.796240, 2.000000
0.545733, 0.313873, 0.441512, 4.000000
0.743542, 0.743449, 0.807311, 11.000000
0.222262, 0.964894, 0.647955, 7.000000
0.073973, 0.841714, 0.508768, 7.000000
0.958605, 0.908889, 0.190663, 9.000000
0.701736, 0.932232, 0.438476, 10.000000
0.606250, 0.130744, 0.750595, 5.000000
0.212295, 0.968159, 0.176677, 6.000000
0.000000, 0.877309, 0.680956, 8.000000
0.399112, 0.947297, 0.615728, 7.000000
0.181617, 0.769738, 0.298903, 6.000000
0.160863, 0.877473, 0.028342, 6.000000
0.687864, 0.262103, 0.848749, 5.000000
0.318858, 0.780568, 0.002867, 6.000000
0.812628, 0.316329, 0.809692, 5.000000
0.384751, 1.000000, 0.509979, 7.000000
0.240821, 0.305870, 0.207936, 0.000000
0.092597, 0.289543, 0.589452, 1.000000
0.839735, 0.181696, 0.228593, 3.000000
0.716713, 0.249367, 0.204158, 3.000000
0.684206, 0.242771, 0.888605, 5.000000
0.893490, 0.934605, 0.974043, 11.000000
0.124162, 1.000000, 0.313508, 6.000000
0.323438, 0.819363, 0.649418, 7.000000
0.926063, 0.750142, 0.276051, 9.000000
0.231774, 0.771053, 0.849744, 8.000000
0.920168, 1.000000, 0.370538, 9.000000
0.066602, 0.164471, 0.200134, 0.000000
0.793771, 0.913762, 0.876674, 11.000000
0.592263, 0.297756, 0.902187, 5.000000
0.289567, 0.066827, 0.930677, 2.000000
0.891468, 0.847190, 0.148726, 9.000000
0.744453, 0.177957, 0.205230, 3.000000
0.236227, 0.154224, 0.528783, 1.000000
0.335440, 0.290883, 0.297686, 0.000000
0.998578, 0.716245, 1.000000, 11.000000
0.158609, 0.387631, 0.317535, 0.000000
0.162016, 0.127846, 0.167762, 0.000000
0.073474, 0.920735, 0.244293, 6.000000
0.000000, 0.739478, 0.894144, 8.000000
0.295239, 1.000000, 0.537441, 8.000000
0.604650, 0.166581, 0.535538, 4.000000
0.339830, 1.000000, 0.898119, 7.000000
1.000000, 0.748988, 0.347598, 9.000000
0.900095, 0.984964, 0.532679, 10.000000
0.360419, 0.372203, 0.438471, 1.000000
0.673999, 0.256891, 0.624957, 4.000000
0.302594, 0.855932, 0.104194, 6.000000
0.589976, 0.329865, 0.143643, 3.000000
0.167950, 0.089317, 0.561833, 1.000000
0.691731, 0.088696, 0.759935, 5.000000
0.195263, 0.215071, 0.414810, 1.000000
0.287540, 0.918716, 0.615318, 7.000000
0.606287, 0.298855, 0.668131, 5.000000
1.000000, 0.825474, 0.215656, 9.000000
0.091836, 0.827664, 0.963941, 8.000000
0.603457, 0.151258, 0.526236, 4.000000
0.686128, 0.298116, 0.575854, 4.000000
0.165712, 1.000000, 0.740322, 8.000000
0.206452, 0.832712, 0.179562, 6.000000
0.236691, 0.252930, 0.207638, 0.000000
0.139915, 0.276503, 0.427866, 1.000000
0.653274, 0.188939, 0.189541, 3.000000
0.368455, 0.290624, 0.990686, 2.000000
0.729653, 0.051593, 0.050498, 3.000000
0.288822, 0.830557, 0.334373, 6.000000
0.705813, 0.135342, 0.442183, 3.000000
0.031917, 0.702152, 0.748392, 8.000000
0.509086, 0.119194, 0.190384, 3.000000
0.883423, 0.789728, 0.432908, 9.000000
0.199100, 0.260596, 0.090275, 0.000000
0.930764, 0.846623, 0.347303, 10.000000
0.171479, 0.000000, 1.000000, 2.000000
0.800332, 1.000000, 0.425102, 10.000000
0.933423, 1.000000, 0.120759, 9.000000
0.831050, 0.000000, 0.125241, 3.000000
0.997062, 0.794786, 0.925805, 11.000000
0.211255, 0.838124, 0.543352, 7.000000
0.208332, 0.061230, 0.061271, 0.000000
0.990838, 0.812281, 0.818686, 11.000000
0.242937, 0.884623, 0.871835, 8.000000
0.957011, 0.876342, 0.697198, 11.000000
0.364883, 0.844913, 0.394186, 6.000000
0.504655, 0.121662, 0.544912, 4.000000
0.229228, 0.078281, 0.136226, 0.000000
0.113274, 0.303193, 0.782822, 2.000000
0.162830, 0.729794, 0.989381, 8.000000
0.044722, 0.875155, 0.110248, 6.000000
0.664006, 0.000000, 0.988697, 5.000000
0.104783, 0.185159, 0.569510, 1.000000
0.161894, 0.108405, 0.409690, 1.000000
0.238173, 0.991878, 0.783264, 8.000000
0.074326, 0.911111, 0.602661, 7.000000
0.592530, 0.144796, 0.716971, 4.000000
0.306370, 0.874091, 0.492465, 7.000000
0.251374, 0.151973, 0.251029, 0.000000
0.001998, 0.128684, 0.828588, 2.000000
0.154034, 0.309788, 0.618050, 1.000000
0.639840, 0.032894, 0.194877, 3.000000
0.629812, 0.049000, 0.306447, 3.000000
0.711347, 0.405895, 0.608391, 4.000000
0.133141, 0.888269, 0.003047, 6.000000
0.225267, 0.900663, 0.422540, 7.000000
0.184407, 0.246106, 0.471621, 1.000000
0.118112, 0.252107, 0.210909, 0.000000
0.364506, 0.696916, 0.975275, 8.000000
0.699895, 0.881311, 0.832006, 11.000000
0.804548, 0.754876, 0.337649, 10.000000
0.308178, 0.830540, 0.112892, 6.000000
0.581560, 0.141750, 0.870866, 5.000000
0.128020, 0.187967, 0.881257, 2.000000
0.123549, 0.179320, 0.961102, 2.000000
0.473233, 0.121680, 0.108996, 3.000000
0.773691, 0.832178, 0.872393, 11.000000
0.052169, 0.247813, 0.652480, 1.000000
0.766504, 0.927519, 0.755301, 11.000000
0.886055, 0.806974, 0.151652, 9.000000
0.780464, 0.804540, 0.878540, 11.000000
1.000000, 0.818092, 0.871427, 11.000000
0.352377, 0.680718, 0.208035, 6.000000
0.229679, 0.838947, 0.085114, 6.000000
0.262102, 0.234069, 0.482471, 1.000000
0.127646, 0.798618, 0.657240, 8.000000
0.188670, 0.248611, 0.736589, 2.000000
0.930962, 0.831642, 0.507446, 10.000000
0.501204, 0.186368, 0.161402, 3.000000
0.727831, 0.626697, 0.496966, 10.000000
0.533218, 0.209719, 0.840669, 5.000000
0.343371, 0.176497, 0.846961, 5.000000
0.314545, 0.422709, 0.692679, 1.000000
0.695221, 0.234983, 0.254465, 3.000000
0.274789, 0.853337, 0.140109, 6.000000
0.598455, 0.068797, 0.474813, 4.000000
0.681828, 0.809168, 0.539620, 10.000000
0.894725, 0.836197, 0.403977, 10.000000
0.255918, 0.307618, 0.111680, 0.000000
0.832581, 0.840751, 0.185187, 9.000000
0.236594, 0.949807, 0.971355, 8.000000
0.949434, 1.000000, 0.838289, 11.000000
0.538545, 0.163347, 0.580049, 4.000000
0.850560, 0.118398, 0.110820, 3.000000
0.805826, 0.098808, 0.615529, 5.000000
0.766966, 0.275651, 0.667706, 4.000000
0.354291, 0.150085, 0.384414, 1.000000
0.502080, 0.106611, 0.830750, 5.000000
0.229677, 0.331245, 0.842349, 2.000000
0.166253, 0.112990, 0.916087, 2.000000
0.961001, 0.769371, 0.380659, 9.000000
0.147034, 0.894603, 0.937663, 8.000000
0.074038, 0.243986, 1.000000, 2.000000
0.784490, 0.238803, 0.201743, 3.000000
0.253102, 0.226507, 0.222150, 0.000000
0.865673, 0.940169, 0.908595, 11.000000
0.383021, 0.339923, 0.767815, 2.000000
0.945002, 0.881092, 0.841124, 11.000000
0.159326, 0.275774, 0.693632, 1.000000
0.809078, 0.715319, 1.000000, 11.000000
0.233882, 0.308930, 0.812595, 2.000000
0.715127, 0.920959, 0.143858, 9.000000
0.180487, 0.824856, 0.603245, 7.000000
0.769073, 0.187569, 0.632164, 4.000000
0.652015, 0.255828, 0.531728, 4.000000
0.143304, 0.237466, 0.826644, 2.000000
0.559543, 0.235792, 0.349961, 3.000000
0.133314, 0.154037, 0.354973, 0.000000
0.618843, 0.150406, 0.352253, 4.000000
1.000000, 0.599573, 0.884952, 11.000000
0.293337, 0.067573, 0.620485, 1.000000
0.725083, 0.181686, 0.591192, 4.000000
0.196386, 0.842282, 0.674773, 7.000000
0.737818, 0.193666, 0.134650, 3.000000
0.190894, 0.944597, 0.897445, 8.000000
0.267508, 0.165164, 0.122534, 0.000000
0.132832, 0.356101, 0.600864, 1.000000
0.617617, 0.274371, 0.393879, 3.000000
0.653547, 0.232063, 0.858429, 5.000000
0.069352, 0.217864, 0.752308, 2.000000
0.212809, 0.804732, 0.511587, 7.000000
0.706388, 0.157599, 0.538249, 4.000000
0.248826, 0.871799, 0.964728, 8.000000
0.284830, 0.119373, 0.842225, 2.000000
0.079612, 0.156549, 0.761010, 2.000000
0.692683, 0.199054, 0.104080, 3.000000
0.753933, 0.867414, 1.000000, 11.000000
0.055018, 0.663489, 0.654647, 7.000000
0.836389, 0.917026, 0.094614, 9.000000
0.173089, 0.176230, 0.395815, 1.000000
0.777705, 0.815155, 0.827698, 11.000000
0.635731, 0.409154, 0.853302, 5.000000
0.742792, 0.777968, 0.621163, 10.000000
0.646407, 0.290801, 0.000000, 3.000000
0.162802, 0.767740, 0.863856, 8.000000
0.779217, 0.163751, 1.000000, 5.000000
0.681083, 0.264283, 0.478331, 4.000000
0.304195, 0.888370, 0.761330, 8.000000
0.315693, 0.905733, 0.298421, 6.000000
0.773262, 0.846340, 0.795996, 11.000000
0.781726, 0.291797, 0.019266, 3.000000
0.347503, 0.984143, 0.238436, 6.000000
0.731815, 0.228855, 0.880513, 5.000000
0.177123, 0.209836, 0.734268, 2.000000
0.144715, 0.166226, 0.281770, 0.000000
0.765766, 0.181402, 0.764265, 5.000000
0.733681, 0.220046, 0.605654, 4.000000
0.728558, 1.000000, 0.757151, 10.000000
0.246249, 0.229165, 0.631881, 1.000000
0.695000, 0.356929, 0.868164, 5.000000
0.621141, 0.924627, 0.211955, 9.000000
0.835497, 0.080296, 0.578467, 4.000000
0.118509, 0.872132, 0.864865, 8.000000
0.743814, 0.985193, 0.802024, 11.000000
0.724898, 0.967882, 0.531584, 10.000000
0.057187, 0.304541, 0.419731, 0.000000
0.179414, 0.850462, 0.287776, 6.000000
0.022990, 0.119263, 0.538280, 1.000000
0.244417, 0.141033, 0.348022, 1.000000
0.261254, 0.186590, 0.506836, 1.000000
0.213521, 0.195263, 0.937156, 2.000000
0.536219, 0.123377, 0.148104, 3.000000
0.030156, 0.144331, 0.075118, 0.000000
0.266086, 0.000000, 0.572813, 1.000000
0.676428, 0.211708, 0.821096, 5.000000
0.985322, 0.808215, 0.993432, 11.000000
0.241538, 0.814851, 0.792277, 8.000000
0.602043, 0.192437, 0.605723, 4.000000
0.077754, 0.089950, 0.281508, 0.000000
0.167565, 0.995481, 0.424532, 6.000000
0.726514, 0.053124, 0.194691, 3.000000
0.295083, 0.876421, 0.805961, 8.000000
0.268041, 0.789948, 0.820810, 8.000000
0.180669, 0.810194, 0.776984, 8.000000
0.829895, 0.850622, 0.554404, 10.000000
0.174062, 0.747145, 0.163783, 6.000000
0.833346, 0.919566, 0.835674, 11.000000
0.523013, 0.240381, 0.887809, 5.000000
0.902127, 0.736677, 0.701972, 10.000000
0.246626, 1.000000, 0.475912, 7.000000
0.336398, 0.200004, 0.650152, 1.000000
0.165228, 0.229388, 0.799947, 2.000000
0.776367, 0.712597, 0.114771, 9.000000
0.787563, 0.829158, 0.716372, 11.000000
0.226065, 0.337096, 0.806080, 2.000000
0.203410, 0.225348, 0.712076, 2.000000
0.110545, 0.112158, 0.000000, 0.000000
0.300574, 0.826483, 0.242715, 6.000000
0.232942, 0.850277, 0.872946, 8.000000
0.091839, 0.060349, 0.935512, 2.000000
0.208816, 0.735290, 0.292412, 6.000000
0.692559, 0.341263, 0.930028, 5.000000
0.152868, 0.948871, 0.388806, 7.000000
0.155395, 0.805543, 0.909355, 8.000000
0.002568, 0.960583, 0.878722, 8.000000
0.650889, 0.897001, 0.267380, 9.000000
0.024842, 0.258971, 0.585011, 1.000000
0.956265, 0.654980, 0.848272, 11.000000
0.710831, 0.334281, 0.061400, 3.000000
0.995493, 0.098096, 0.174033, 3.000000
0.027944, 1.000000, 0.333402, 6.000000
0.158548, 0.005101, 0.418568, 1.000000
0.746241, 0.284023, 0.866147, 5.000000
0.068538, 0.261466, 0.796572, 2.000000
0.207197, 0.010167, 0.940185, 2.000000
0.840541, 0.884825, 0.179252, 9.000000
0.312925, 0.995653, 0.647243, 7.000000
0.187173, 0.824894, 0.504392, 7.000000
0.736658, 0.864563, 0.593287, 10.000000
0.620511, 0.171522, 0.906830, 5.000000
0.034578, 0.213574, 1.000000, 2.000000
0.681294, 0.227669, 0.728734, 5.000000
0.797792, 0.994099, 0.454502, 10.000000
0.182872, 0.863124, 0.845639, 8.000000
0.864309, 0.791898, 0.871602, 11.000000
1.000000, 0.811002, 0.740675, 11.000000
0.280193, 0.792099, 0.515246, 7.000000
0.772026, 0.154422, 0.629519, 4.000000
0.635728, 0.245672, 0.092456, 3.000000
0.500708, 0.026287, 0.545376, 4.000000
0.119942, 0.858376, 0.988965, 8.000000
0.592456, 0.323795, 0.709161, 4.000000
0.059968, 0.334009, 0.170561, 0.000000
0.648900, 0.189169, 1.000000, 5.000000
0.076431, 0.703985, 0.434444, 7.000000
0.772736, 0.345769, 0.912608, 5.000000
0.843148, 0.982500, 0.906178, 11.000000
0.250687, 0.747230, 0.333646, 6.000000
0.177231, 1.000000, 0.636381, 7.000000
0.682542, 0.887271, 0.174666, 9.000000
0.199373, 0.015484, 0.080169, 0.000000
0.955341, 0.900569, 0.637762, 10.000000
0.244084, 0.000835, 0.667820, 2.000000
0.799141, 0.984631, 0.237690, 9.000000
0.273847, 0.478113, 0.378122, 0.000000
0.249707, 0.228727, 0.197596, 0.000000
0.265392, 0.810014, 0.746773, 8.000000
0.222822, 0.714547, 0.928880, 8.000000
0.812724, 0.851577, 0.955287, 11.000000
0.572071, 0.218375, 0.224362, 3.000000
0.181551, 0.252757, 0.176663, 0.000000
0.837597, 0.844187, 0.257385, 9.000000
0.000000, 0.201862, 0.059562, 0.000000
0.185536, 0.101481, 0.528849, 1.000000
0.885064, 0.836162, 0.988050, 11.000000
0.811742, 0.021149, 0.205809, 3.000000
0.205408, 0.239755, 0.887246, 2.000000
0.154378, 0.122223, 0.532250, 1.000000
0.740126, 0.188276, 0.982859, 5.000000
0.128162, 0.178182, 0.576572, 1.000000
0.771479, 0.795987, 0.970167, 11.000000
1.000000, 0.869444, 0.905779, 11.000000
0.848010, 0.912490, 0.168692, 9.000000
0.374762, 0.323882, 0.684473, 1.000000
0.569429, 0.131791, 0.991177, 5.000000
1.000000, 0.791732, 0.537986, 10.000000
0.815698, 0.886525, 0.880003, 11.000000
0.198917, 0.205052, 0.292209, 0.000000
0.912987, 0.807761, 0.244141, 9.000000
0.172763, 0.021253, 0.101781, 0.000000
0.488393, 0.225587, 0.191791, 3.000000
0.324605, 0.810347, 0.194197, 6.000000
0.417628, 0.934823, 0.821084, 8.000000
0.211346, 0.129694, 0.488569, 1.000000
0.152634, 0.890856, 0.095633, 6.000000
0.269763, 0.082496, 0.475848, 1.000000
0.945632, 0.806172, 1.000000, 11.000000
0.201532, 0.370283, 0.622681, 2.000000
0.193253, 0.310756, 0.857750, 2.000000
0.540091, 0.167293, 0.473768, 4.000000
0.322358, 0.907999, 0.746186, 8.000000
0.270976, 0.312033, 0.165155, 0.000000
0.738759, 0.732858, 0.579985, 10.000000
0.977060, 0.768468, 0.595255, 10.000000
0.737967, 0.133592, 0.511470, 4.000000
0.753977, 0.281632, 0.273089, 3.000000
0.924828, 0.895117, 0.696602, 10.000000
0.144882, 0.210386, 0.640198, 1.000000
0.245455, 0.389527, 0.469878, 1.000000
0.255744, 0.940971, 0.508592, 7.000000
0.684226, 0.143072, 0.159661, 3.000000
0.237446, 0.291951, 0.491179, 1.000000
0.195044, 0.230378, 0.547764, 1.000000
0.170673, 0.872692, 0.076279, 6.000000
0.182467, 0.924330, 0.193246, 6.000000
0.156254, 0.831751, 0.748168, 8.000000
0.368321, 0.659121, 0.327967, 7.000000
0.209843, 0.754121, 0.487280, 7.000000
0.363194, 0.923540, 0.791803, 8.000000
0.215888, 0.341826, 0.191276, 0.000000
1.000000, 0.870239, 0.837390, 11.000000
0.143480, 0.782013, 0.818103, 8.000000
0.283128, 0.160787, 0.218208, 0.000000
0.322634, 0.897489, 0.556365, 7.000000
0.719465, 0.743967, 0.215230, 9.000000
0.268578, 0.255992, 0.304109, 0.000000
0.876529, 0.863677, 0.559426, 10.000000
0.106455, 1.000000, 0.560733, 7.000000
0.155535, 1.000000, 0.681223, 8.000000
0.775994, 0.291285, 0.767863, 5.000000
0.000000, 0.742289, 0.610886, 7.000000
0.371780, 0.938489, 0.143692, 6.000000
0.136631, 0.862580, 0.576123, 7.000000
0.121556, 0.827205, 0.042564, 6.000000
0.356002, 0.675448, 0.254544, 6.000000
0.897380, 0.799995, 0.993321, 11.000000
0.755231, 0.787168, 0.186372, 9.000000
0.582120, 0.132692, 0.214152, 3.000000
0.481745, 0.433179, 0.122248, 3.000000
0.279260, 0.179607, 0.488206, 1.000000
0.967122, 0.812733, 0.158316, 9.000000
0.610280, 0.196101, 0.947166, 5.000000
0.000000, 0.877120, 0.491164, 7.000000
0.201575, 0.853491, 0.250708, 6.000000
0.818295, 0.327205, 0.268504, 4.000000
0.310661, 1.000000, 0.317439, 6.000000
0.952142, 0.974114, 0.143575, 9.000000
0.795446, 0.142458, 0.879747, 5.000000
0.171918, 1.000000, 0.821451, 8.000000
0.282017, 0.731218, 0.608155, 7.000000
0.293806, 0.914889, 0.862807, 8.000000
0.000000, 0.275162, 0.132526, 0.000000
0.742668, 0.100271, 0.665709, 4.000000
0.586722, 0.281606, 0.893550, 5.000000
0.207105, 1.000000, 0.177009, 6.000000
0.762948, 0.226994, 0.540113, 4.000000
0.650259, 0.237400, 0.422914, 4.000000
0.560152, 0.176411, 0.378227, 4.000000
0.857409, 0.321529, 0.433232, 4.000000
0.805440, 0.804915, 0.319074, 9.000000
0.073497, 0.111385, 0.368197, 0.000000
0.054545, 0.888934, 0.263183, 6.000000
0.316986, 0.847879, 0.609907, 7.000000
0.337442, 0.328570, 0.869094, 2.000000
0.284216, 0.674381, 0.857769, 8.000000
0.085710, 0.068251, 0.226862, 0.000000
0.162934, 0.282239, 0.835492, 2.000000
0.135662, 1.000000, 0.582009, 7.000000
0.252850, 0.194062, 0.295678, 0.000000
0.207557, 0.874428, 0.736494, 7.000000
0.185405, 0.630230, 0.517396, 7.000000
0.915764, 0.855116, 0.944718, 11.000000
0.139872, 0.628067, 0.209627, 6.000000
0.835804, 0.818999, 0.034316, 9.000000
0.343012, 0.784179, 0.000000, 6.000000
0.922653, 0.795448, 0.261261, 9.000000
0.814198, 0.806008, 0.170663, 9.000000
0.212565, 0.169993, 0.271573, 0.000000
0.672550, 0.144683, 0.905417, 5.000000
0.205803, 0.782448, 0.421060, 7.000000
0.910395, 0.769885, 0.845495, 11.000000
0.243746, 0.808256, 0.296883, 6.000000
0.170424, 0.886178, 1.000000, 8.000000
0.186556, 0.920056, 0.449017, 7.000000
0.295627, 0.298359, 0.485276, 1.000000
0.285425, 0.227862, 0.760008, 1.000000
0.581258, 0.127621, 0.949964, 5.000000
0.180644, 0.018582, 0.588578, 1.000000
0.369017, 0.172866, 0.466351, 1.000000
0.994606, 0.891978, 0.283831, 9.000000
0.306535, 0.126038, 0.827105, 2.000000
0.693942, 0.198264, 0.426206, 4.000000
0.312255, 0.290304, 0.239950, 0.000000
0.944429, 0.886358, 0.734926, 11.000000
0.829466, 1.000000, 0.772355, 11.000000
0.700731, 0.836739, 0.063198, 9.000000
0.195752, 0.804333, 0.162000, 6.000000
0.871684, 0.353020, 0.544777, 4.000000
0.064856, 0.195712, 0.829622, 2.000000
0.901612, 0.883622, 0.650044, 10.000000
0.109146, 0.182870, 0.220407, 0.000000
0.386379, 0.237635, 0.522437, 1.000000
0.845798, 0.901782, 0.868344, 11.000000
0.242682, 0.169465, 0.956392, 2.000000
0.789233, 0.207327, 0.528232, 4.000000
0.928382, 0.630632, 0.557822, 10.000000
0.221199, 0.845314, 0.686337, 8.000000
0.871975, 0.996300, 0.200791, 9.000000
0.664529, 0.125545, 0.288553, 3.000000
0.161122, 0.190207, 0.263811, 0.000000
0.342870, 0.159007, 0.950270, 2.000000
0.896164, 0.748229, 0.214239, 9.000000
0.208474, 0.863294, 0.191404, 6.000000
0.220117, 0.019664, 0.250508, 0.000000
0.784237, 0.182100, 0.111566, 3.000000
0.213876, 0.761827, 0.415436, 7.000000
0.276223, 0.205619, 0.675755, 2.000000
0.119859, 0.097322, 0.831852, 2.000000
0.779276, 0.206715, 0.415927, 3.000000
0.000000, 0.890587, 0.388114, 7.000000
0.966384, 1.000000, 0.272544, 9.000000
0.224261, 0.219489, 0.611652, 2.000000
0.232417, 0.368447, 0.682670, 2.000000
0.740015, 1.000000, 0.642808, 10.000000
0.090332, 0.941808, 0.563012, 7.000000
0.674728, 0.782285, 0.674718, 11.000000
0.833945, 0.800499, 0.331473, 9.000000
0.279334, 0.836383, 0.189828, 6.000000
0.487673, 0.302822, 0.824299, 5.000000
0.798063, 0.889787, 0.943439, 11.000000
0.287996, 0.111734, 0.848268, 2.000000
0.124628, 0.802834, 0.642244, 7.000000
1.000000, 0.827761, 0.964571, 11.000000
0.378046, 0.836192, 0.118112, 6.000000
0.261771, 0.254883, 0.598882, 1.000000
0.554711, 0.121860, 1.000000, 5.000000
0.211423, 0.967351, 0.823375, 8.000000
0.622002, 0.146443, 0.205261, 3.000000
0.789268, 0.888060, 0.297157, 9.000000
0.803967, 0.273147, 0.288510, 3.000000
0.252500, 0.015575, 0.648005, 2.000000
0.753321, 0.848189, 0.449942, 10.000000
0.246642, 0.294925, 0.483024, 1.000000
0.652255, 0.178522, 0.129734, 3.000000
0.832789, 0.948016, 0.579101, 10.000000
0.097800, 0.836007, 0.903615, 8.000000
0.572524, 0.287750, 0.724686, 5.000000
0.898677, 0.899491, 0.391426, 10.000000
0.226890, 0.090035, 0.857590, 2.000000
0.883481, 0.722001, 0.836942, 11.000000
0.693891, 0.842173, 0.746280, 11.000000
0.176885, 0.233089, 0.855070, 2.000000
0.636973, 0.194447, 0.704776, 4.000000
0.269859, 0.397447, 0.912119, 2.000000
0.643956, 0.223487, 0.238930, 3.000000
0.290673, 0.197648, 0.497019, 1.000000
0.678549, 0.317404, 0.340967, 3.000000
0.159168, 0.896740, 0.883664, 8.000000
0.794015, 0.325667, 0.873531, 5.000000
0.384136, 1.000000, 0.508746, 7.000000
0.324297, 0.200319, 0.537922, 1.000000
0.285549, 0.362671, 0.928832, 2.000000
0.283942, 0.950701, 0.049415, 6.000000
0.528038, 0.273593, 0.958619, 5.000000
0.243158, 0.042753, 0.320743, 0.000000
0.318003, 0.226248, 0.192294, 0.000000
0.626809, 0.090219, 0.807750, 5.000000
0.524170, 0.128526, 0.897958, 5.000000
0.961340, 0.942559, 0.579086, 10.000000
0.124742, 0.926215, 0.831432, 8.000000
0.421797, 0.265395, 0.561263, 1.000000
0.032833, 0.181698, 0.166349, 0.000000
0.689459, 0.402117, 0.108428, 3.000000
0.235660, 0.066727, 0.593689, 1.000000
0.332781, 0.169470, 0.211839, 0.000000
0.107272, 0.253015, 0.080502, 0.000000
0.188177, 0.873178, 0.163809, 6.000000
0.817474, 0.848948, 0.405110, 10.000000
0.380615, 0.080930, 0.490773, 1.000000
0.735772, 0.863693, 0.659364, 10.000000
0.103763, 0.765650, 0.953081, 8.000000
0.125447, 0.297817, 0.928597, 2.000000
0.175694, 0.888496, 0.254203, 6.000000
0.162258, 0.167356, 0.863064, 2.000000
0.774155, 0.129040, 0.948600, 5.000000
0.456575, 0.268094, 0.370759, 4.000000
0.229708, 0.102072, 0.700778, 2.000000
0.165179, 0.882698, 0.158378, 6.000000
0.418972, 1.000000, 0.789177, 8.000000
0.216924, 0.189752, 0.234606, 0.000000
0.649127, 0.248703, 0.913790, 5.000000
0.579077, 0.338240, 0.310379, 3.000000
1.000000, 1.000000, 0.676962, 10.000000
0.681620, 0.105321, 0.849224, 5.000000
0.257757, 0.957416, 0.543883, 7.000000
1.000000, 0.781896, 0.174454, 9.000000
0.668111, 0.291689, 0.630898, 4.000000
0.047897, 0.767611, 0.740407, 8.000000
0.159897, 0.726054, 0.835893, 8.000000
0.708506, 1.000000, 0.857676, 11.000000
0.289645, 0.947128, 0.934042, 8.000000
0.166772, 0.814989, 0.459006, 7.000000
0.807541, 0.818539, 0.535352, 10.000000
0.284526, 0.717904, 0.841803, 8.000000
1.000000, 0.791632, 0.413611, 10.000000
0.084208, 0.213018, 0.167601, 0.000000
0.267000, 0.280788, 0.767794, 2.000000
0.613223, 0.178790, 0.552674, 4.000000
0.191273, 0.253471, 0.779435, 1.000000
0.065333, 0.374667, 0.403662, 1.000000
0.000000, 0.275726, 0.919476, 2.000000
0.251174, 0.897875, 0.826661, 8.000000
0.771136, 0.264422, 0.560061, 4.000000
0.101414, 0.206832, 0.297558, 0.000000
0.291470, 0.978085, 0.672983, 7.000000
0.083476, 0.218032, 0.254205, 0.000000
0.978742, 0.759084, 0.771393, 10.000000
0.000000, 0.131129, 0.000000, 0.000000
0.718935, 0.292057, 0.574974, 4.000000
0.802734, 0.792091, 1.000000, 11.000000
0.264494, 0.657003, 0.145613, 6.000000
0.898665, 0.872064, 0.785602, 11.000000
0.115056, 0.901533, 0.509239, 7.000000
0.716086, 0.087862, 0.890612, 5.000000
0.778183, 1.000000, 0.613150, 10.000000
0.244282, 0.310080, 0.249891, 0.000000
0.768180, 0.984860, 0.487496, 10.000000
0.187121, 0.965166, 0.073267, 6.000000
0.203160, 0.202672, 0.513819, 1.000000
0.760537, 0.219262, 0.213058, 3.000000
0.877114, 0.846814, 0.412922, 10.000000
0.776332, 0.960222, 0.663435, 10.000000
0.146022, 0.394285, 0.157104, 0.000000
0.696941, 0.280172, 0.520040, 4.000000
0.138896, 0.680759, 0.855734, 8.000000
0.780397, 0.348295, 0.575116, 4.000000
0.931623, 0.921829, 0.710222, 11.000000
0.124975, 0.900585, 0.500662, 7.000000
0.216235, 1.000000, 0.740170, 7.000000
0.130568, 0.257952, 0.822377, 2.000000
0.781937, 0.930742, 0.613089, 10.000000
0.131084, 0.155253, 0.156523, 0.000000
0.572006, 0.242125, 0.281250, 3.000000
0.198420, 0.204461, 0.504589, 1.000000
0.271546, 0.302353, 0.186008, 0.000000
0.084105, 0.201978, 0.824808, 2.000000
0.118544, 0.793584, 0.128873, 6.000000
0.618359, 0.349650, 0.818301, 5.000000
0.714533, 0.831845, 0.773595, 11.000000
0.803519, 0.784867, 0.962615, 11.000000
0.931437, 0.840914, 0.686703, 11.000000
0.016150, 0.192409, 0.246070, 0.000000
0.858120, 0.865292, 0.221670, 9.000000
0.202162, 0.361015, 0.437478, 1.000000
0.076801, 0.828839, 0.519273, 7.000000
0.802499, 0.630288, 0.588695, 10.000000
0.728946, 0.655766, 0.851522, 11.000000
0.747568, 0.082025, 0.818856, 5.000000
0.148227, 0.153797, 0.826526, 2.000000
0.229508, 0.833185, 0.936189, 8.000000
0.933946, 1.000000, 0.000000, 9.000000
0.693315, 0.205443, 0.633549, 4.000000
0.942054, 0.956745, 0.205107, 9.000000
0.699593, 0.236806, 1.000000, 5.000000
0.015724, 0.863189, 0.848181, 8.000000
0.870952, 0.937119, 0.665329, 10.000000
0.066895, 0.183611, 0.839947, 2.000000
0.811895, 0.911084, 0.855983, 11.000000
0.811071, 1.000000, 0.334975, 9.000000
0.526869, 0.132507, 0.843351, 5.000000
0.124865, 0.170200, 0.606896, 1.000000
0.769224, 0.944811, 0.809950, 11.000000
0.974022, 0.833717, 0.403812, 10.000000
0.143531, 0.236322, 0.317455, 0.000000
0.214163, 0.207293, 0.203609, 0.000000
1.000000, 0.992710, 0.715795, 10.000000
0.672480, 0.793817, 0.440753, 10.000000
0.868188, 0.905300, 0.204650, 9.000000
0.736881, 1.000000, 0.544068, 10.000000
0.650316, 0.023984, 0.550980, 4.000000
0.812361, 0.807312, 0.782290, 11.000000
0.218627, 0.238158, 0.745420, 2.000000
0.284420, 0.983392, 1.000000, 8.000000
0.613982, 0.395443, 0.554868, 4.000000
0.100725, 0.222635, 0.720313, 1.000000
0.191567, 0.253700, 0.536877, 1.000000
0.167334, 0.856324, 0.523080, 7.000000
1.000000, 0.950985, 0.886965, 11.000000
0.285404, 0.883753, 0.960081, 8.000000
0.799094, 0.858735, 0.491529, 10.000000
0.191576, 0.351944, 0.654056, 1.000000
0.210967, 0.090187, 0.877525, 2.000000
0.159294, 0.148350, 0.534737, 1.000000
0.280619, 0.128789, 0.900648, 2.000000
0.131783, 0.984303, 0.535284, 7.000000
0.487240, 0.166116, 0.795113, 5.000000
0.788594, 0.762366, 0.607479, 10.000000
0.528307, 0.256024, 0.793709, 5.000000
0.753516, 0.882709, 0.195889, 9.000000
0.286423, 0.830143, 0.724746, 8.000000
0.732248, 0.820530, 0.832528, 11.000000
0.893609, 0.875966, 0.418025, 10.000000
0.119304, 0.024634, 0.519531, 1.000000
0.284206, 0.299153, 0.689465, 1.000000
0.794637, 0.140708, 0.891372, 5.000000
0.262006, 0.287356, 0.112453, 0.000000
0.277484, 0.047247, 0.760593, 1.000000
0.408323, 0.230762, 0.220003, 3.000000
1.000000, 0.988799, 0.537302, 10.000000
0.908980, 0.716506, 0.925509, 11.000000
0.307887, 0.677779, 0.962331, 8.000000
0.191969, 0.784207, 0.230655, 6.000000
0.640371, 0.090542, 0.176525, 3.000000
0.708665, 0.130591, 0.778342, 5.000000
0.216189, 0.247672, 0.330571, 1.000000
0.774910, 0.119271, 0.000000, 3.000000
0.167793, 0.699085, 0.543249, 7.000000
0.103169, 0.844615, 0.497004, 7.000000
0.813621, 0.865067, 0.862292, 11.000000
0.101349, 0.785580, 0.248952, 6.000000
0.098026, 0.799276, 0.060696, 6.000000
0.136174, 0.840738, 0.188770, 6.000000
0.127757, 0.107460, 0.102489, 0.000000
0.237862, 0.097135, 0.297470, 0.000000
0.807985, 0.140352, 0.155734, 3.000000
0.194113, 0.775814, 0.541420, 7.000000
0.092178, 0.526763, 0.391618, 1.000000
0.033473, 0.976545, 0.607499, 7.000000
0.609969, 0.360990, 0.861373, 5.000000
0.749853, 0.211367, 0.741533, 5.000000
0.172247, 0.096906, 0.548373, 1.000000
0.359071, 0.893977, 0.628466, 7.000000
0.300460, 0.167242, 0.256275, 0.000000
0.221208, 0.770992, 0.333037, 6.000000
0.212750, 0.344331, 0.880837, 2.000000
0.045034, 0.878009, 0.842033, 8.000000
0.317567, 0.155559, 0.295873, 0.000000
0.112641, 0.184596, 1.000000, 2.000000
0.750982, 0.028608, 0.621665, 4.000000
0.506495, 0.846453, 0.686688, 8.000000
0.759639, 0.953926, 0.677730, 10.000000
0.678770, 0.159858, 0.168965, 3.000000
0.175086, 0.854455, 0.168742, 6.000000
0.631228, 0.128968, 0.824727, 5.000000
0.210429, 0.124584, 0.194202, 0.000000
0.660317, 0.117217, 0.885078, 5.000000
0.148085, 0.081135, 0.824981, 2.000000
0.920917, 0.908392, 0.579574, 10.000000
0.304437, 0.799636, 0.911045, 8.000000
0.123968, 0.972967, 0.773410, 8.000000
0.283432, 0.863734, 0.568174, 7.000000
0.825006, 0.848545, 0.324383, 9.000000
0.848691, 0.936011, 0.616562, 10.000000
0.099187, 0.716430, 0.277465, 6.000000
0.788055, 0.840521, 0.820211, 11.000000
0.164075, 0.952499, 0.615113, 7.000000
0.286269, 0.088797, 0.549628, 1.000000
0.154479, 1.000000, 0.507387, 7.000000
0.787043, 0.358523, 0.045648, 3.000000
0.734623, 0.303302, 0.135635, 3.000000
0.528282, 0.279701, 0.236517, 3.000000
0.148496, 0.159158, 0.349686, 0.000000
0.317186, 0.092877, 1.000000, 2.000000
0.807109, 0.865240, 0.001938, 9.000000
0.236611, 0.716975, 0.886939, 8.000000
0.838262, 0.883922, 0.094413, 9.000000
0.167420, 0.177039, 1.000000, 2.000000
0.375386, 1.000000, 0.230563, 6.000000
0.368792, 0.852675, 0.133114, 6.000000
0.831192, 0.373897, 0.465893, 4.000000
0.107447, 0.945609, 0.388064, 7.000000
0.427876, 1.000000, 0.526631, 7.000000
0.228437, 0.000000, 0.493721, 1.000000
0.773331, 0.884295, 0.063507, 9.000000
0.371734, 0.196825, 0.364079, 0.000000
0.948605, 0.941377, 0.353796, 9.000000
0.135108, 0.216253, 0.213545, 0.000000
0.097026, 0.936679, 1.000000, 8.000000
0.260888, 0.372290, 0.196550, 0.000000
0.117251, 1.000000, 0.176955, 6.000000
0.205273, 0.217766, 0.185880, 0.000000
0.651652, 0.863323, 0.604785, 11.000000
0.694920, 0.114941, 0.885451, 5.000000
0.604153, 0.050565, 0.953737, 5.000000
0.911570, 0.839650, 0.435968, 10.000000
0.354650, 0.171174, 0.804132, 2.000000
0.101959, 0.689267, 0.524850, 6.000000
0.788062, 1.000000, 0.629810, 10.000000
0.630309, 0.161998, 0.512910, 4.000000
0.101300, 0.108280, 0.847496, 2.000000
0.785522, 0.857990, 0.774003, 11.000000
1.000000, 0.867299, 0.385010, 9.000000
0.800427, 0.958514, 0.083722, 9.000000
0.418030, 0.558289, 0.720177, 8.000000
0.029451, 1.000000, 0.252017, 6.000000
0.800839, 0.839267, 0.796447, 11.000000
0.878848, 0.748513, 0.131278, 9.000000
0.787001, 0.796937, 0.684382, 11.000000
0.669880, 1.000000, 1.000000, 11.000000
0.982458, 0.171650, 0.370474, 4.000000
0.312165, 0.141522, 0.808133, 2.000000
0.380018, 0.832722, 0.584702, 7.000000
0.762394, 0.919177, 0.905653, 11.000000
0.252657, 0.512059, 0.468755, 7.000000
0.956090, 0.932965, 0.195086, 9.000000
0.605365, 0.103319, 0.505662, 4.000000
0.657088, 0.087769, 0.283068, 3.000000
0.130583, 1.000000, 0.898797, 8.000000
0.230055, 0.696581, 0.000000, 6.000000
0.755591, 0.168945, 0.435512, 4.000000
0.173600, 0.155321, 0.483166, 1.000000
0.127033, 0.920229, 0.867774, 8.000000
