0.216200, 0.232666, 0.359501, 0.000000
0.369727, 0.307250, 0.105410, 0.000000
0.197885, 0.231305, 0.134321, 0.000000
0.148480, 0.307922, 0.347746, 0.000000
0.186395, 0.131891, 0.187662, 0.000000
0.198635, 0.190165, 0.284988, 0.000000
0.440708, 0.140391, 0.262058, 0.000000
0.192081, 0.147250, 0.246021, 0.000000
0.259986, 0.126872, 0.311659, 0.000000
0.167774, 0.053113, 0.297032, 0.000000
0.245669, 0.416617, 0.177496, 0.000000
0.193545, 0.760883, 0.486411, 7.000000
0.373519, 0.342033, 0.086038, 0.000000
0.227450, 0.218668, 0.274376, 0.000000
0.032719, 0.086202, 0.183142, 0.000000
0.701960, 0.170584, 0.104369, 3.000000
0.129398, 0.200079, 0.221018, 0.000000
0.316504, 0.271312, 0.331998, 0.000000
0.348743, 0.275255, 0.317585, 0.000000
0.195046, 0.223740, 0.048842, 0.000000
0.065156, 0.000000, 0.206205, 0.000000
0.343310, 0.161629, 0.223749, 0.000000
0.161844, 0.323891, 0.206357, 0.000000
0.081772, 0.204904, 0.133536, 0.000000
0.015717, 0.322784, 0.323625, 0.000000
0.278809, 0.170126, 0.310565, 0.000000
0.302088, 0.188918, 0.242364, 0.000000
0.697247, 0.084748, 0.921102, 5.000000
0.531725, 0.163397, 0.567625, 4.000000
0.123477, 0.192236, 0.257567, 0.000000
0.082328, 0.318406, 0.050790, 0.000000
0.265976, 0.414341, 0.154912, 0.000000
0.855065, 0.744988, 0.563651, 10.000000
0.183429, 0.292236, 0.119451, 0.000000
0.200336, 0.237915, 0.173986, 0.000000
0.210713, 0.218812, 0.056122, 0.000000
0.077968, 0.102549, 0.210128, 0.000000
0.752030, 0.127225, 0.865404, 5.000000
0.287653, 0.192115, 0.242414, 0.000000
0.103701, 0.039904, 0.375734, 0.000000
0.165153, 0.222189, 0.171553, 0.000000
0.169626, 0.189459, 0.252377, 0.000000
0.089750, 0.202485, 0.253109, 0.000000
0.818063, 0.919116, 0.580640, 10.000000
0.184874, 0.183621, 0.238198, 0.000000
0.335942, 0.269607, 0.268220, 0.000000
0.186841, 0.172934, 0.195568, 0.000000
0.052240, 0.396029, 0.229200, 0.000000
0.036095, 0.157334, 0.181607, 0.000000
0.284523, 0.445323, 0.242575, 0.000000
0.205022, 0.187336, 0.095686, 0.000000
0.332222, 0.078143, 0.280169, 0.000000
0.189852, 0.360303, 0.262600, 0.000000
0.190269, 0.205091, 0.431788, 0.000000
0.100363, 0.146027, 0.100922, 0.000000
0.320129, 0.120057, 0.220287, 0.000000
0.040187, 0.247273, 0.151250, 0.000000
0.333468, 0.367473, 0.176312, 0.000000
0.287569, 0.148504, 0.093679, 0.000000
0.083468, 0.146255, 0.150486, 0.000000
0.135520, 0.366187, 0.082119, 0.000000
0.323150, 0.197659, 0.125180, 0.000000
0.157272, 0.360448, 0.239839, 0.000000
0.316587, 0.278488, 0.146662, 0.000000
0.093971, 0.193866, 0.155376, 0.000000
0.014089, 0.200644, 0.344352, 0.000000
0.228191, 0.338938, 0.170148, 0.000000
0.326815, 0.206545, 0.283457, 0.000000
0.198409, 0.099169, 0.885957, 2.000000
0.124291, 0.152499, 0.208077, 0.000000
0.281147, 0.213287, 0.327879, 0.000000
0.105874, 0.354777, 0.184111, 0.000000
0.180058, 0.083638, 0.331543, 0.000000
0.210019, 0.069175, 0.091089, 0.000000
0.000000, 0.480006, 0.283171, 0.000000
0.100396, 0.218201, 0.407514, 1.000000
0.240223, 0.227415, 0.070184, 0.000000
0.123377, 0.185806, 0.085573, 0.000000
0.167565, 0.003787, 0.186219, 0.000000
0.216549, 0.166372, 0.183427, 0.000000
0.036736, 0.088089, 0.106631, 0.000000
0.036804, 0.001724, 0.271963, 0.000000
0.136611, 0.334020, 0.227095, 0.000000
0.219196, 0.338299, 0.760186, 2.000000
0.314610, 0.010857, 0.148803, 0.000000
0.141457, 0.156147, 0.201760, 0.000000
0.128341, 0.102399, 0.340206, 0.000000
0.130974, 0.171482, 0.256117, 0.000000
0.238545, 0.209563, 0.228252, 0.000000
0.205326, 0.070552, 0.137290, 0.000000
0.152749, 0.314118, 0.042885, 0.000000
0.281728, 0.176534, 0.343559, 0.000000
0.147766, 0.402564, 0.223310, 0.000000
0.287832, 0.084390, 0.255726, 0.000000
0.216653, 0.157142, 0.138848, 0.000000
0.254341, 0.146255, 0.161972, 0.000000
0.362052, 0.298357, 0.149537, 0.000000
0.067180, 0.219083, 0.114495, 0.000000
0.143308, 0.214099, 0.105255, 0.000000
0.292507, 0.347608, 0.012075, 0.000000
0.225905, 0.383984, 0.147243, 0.000000
0.078414, 0.053191, 0.172520, 0.000000
0.171134, 0.223286, 0.202681, 0.000000
0.053697, 0.149467, 0.286505, 0.000000
0.264946, 0.188673, 0.294427, 0.000000
0.105067, 0.149908, 0.235819, 0.000000
0.106954, 0.215297, 0.183092, 0.000000
0.712858, 0.124961, 0.901440, 5.000000
0.248866, 0.205780, 0.211726, 0.000000
0.202634, 0.203114, 0.182129, 0.000000
0.218657, 0.208192, 0.126505, 0.000000
0.333593, 0.112725, 0.181795, 0.000000
0.851661, 1.000000, 0.843098, 11.000000
0.153159, 0.097876, 0.231111, 0.000000
0.156905, 0.208119, 0.141212, 0.000000
0.365022, 0.190429, 0.422287, 0.000000
0.163775, 0.323401, 0.000000, 0.000000
0.270864, 0.301333, 0.135970, 0.000000
0.220695, 0.070765, 0.415656, 0.000000
0.209637, 0.106565, 0.000000, 0.000000
0.323890, 0.127923, 0.238098, 0.000000
0.098063, 0.204661, 0.303690, 0.000000
0.225624, 0.200798, 0.028955, 0.000000
0.185908, 0.334779, 0.184651, 0.000000
0.085566, 0.319514, 0.240544, 0.000000
0.136754, 0.348739, 0.793114, 2.000000
0.102168, 0.377239, 0.194708, 0.000000
0.224375, 0.257348, 0.310273, 0.000000
0.312983, 0.181040, 0.114206, 0.000000
0.172608, 0.168975, 0.024511, 0.000000
0.216481, 0.202200, 0.312288, 0.000000
0.311104, 0.449748, 0.000000, 0.000000
0.136743, 0.200768, 0.347422, 0.000000
0.360113, 0.281244, 0.216040, 0.000000
0.322295, 0.155349, 0.336206, 0.000000
0.287793, 0.159805, 0.246907, 0.000000
0.258122, 0.212250, 0.077552, 0.000000
0.223313, 0.245955, 0.260537, 0.000000
0.139456, 0.209418, 0.195653, 0.000000
0.106764, 0.185981, 0.112799, 0.000000
0.060523, 0.226217, 0.203715, 0.000000
0.200046, 0.244470, 0.337370, 0.000000
0.198472, 0.107295, 0.259684, 0.000000
0.063329, 0.357789, 0.198681, 0.000000
0.093330, 0.092986, 0.140934, 0.000000
0.102860, 0.148088, 0.148115, 0.000000
0.211835, 0.154891, 0.022107, 0.000000
0.076500, 0.101613, 0.278693, 0.000000
0.731658, 0.113346, 0.186268, 3.000000
0.272616, 0.000000, 0.426901, 0.000000
0.357002, 0.177555, 0.236217, 0.000000
0.130964, 0.081215, 0.150581, 0.000000
0.321867, 0.205597, 0.321281, 0.000000
0.249341, 0.413305, 0.298389, 0.000000
0.251875, 0.306996, 0.238124, 0.000000
0.058577, 0.088001, 0.288720, 0.000000
0.354554, 0.276751, 0.056623, 0.000000
0.251652, 0.216197, 0.391428, 0.000000
0.195809, 0.218407, 0.235516, 0.000000
0.300687, 0.155874, 0.226307, 0.000000
0.156612, 0.382348, 0.195069, 0.000000
0.250385, 0.137370, 0.197172, 0.000000
0.199969, 0.181548, 0.103626, 0.000000
0.178737, 0.291419, 0.302893, 0.000000
0.128340, 0.076283, 0.193083, 0.000000
0.320092, 0.308010, 0.160585, 0.000000
0.735037, 0.376195, 0.163672, 3.000000
0.211181, 0.171953, 0.246102, 0.000000
0.232196, 0.206663, 0.230803, 0.000000
0.161913, 0.127846, 0.629537, 1.000000
0.270631, 0.407082, 0.000000, 0.000000
0.000000, 0.240862, 0.206557, 0.000000
0.107989, 0.387511, 0.190953, 0.000000
0.335251, 0.218029, 0.104129, 0.000000
0.298180, 0.113418, 0.192982, 0.000000
0.310373, 0.290932, 0.347529, 0.000000
0.176879, 0.189514, 0.296412, 0.000000
0.364097, 0.270804, 0.034665, 0.000000
0.210510, 0.133531, 0.378228, 0.000000
0.192328, 0.266795, 0.098847, 0.000000
0.399201, 0.076532, 0.197038, 0.000000
0.232202, 0.134303, 0.364191, 0.000000
0.225030, 0.228881, 0.297801, 0.000000
0.110885, 0.000000, 0.202697, 0.000000
0.129049, 0.802073, 0.012765, 6.000000
0.258450, 0.471079, 0.219548, 0.000000
0.016437, 0.187923, 0.210966, 0.000000
0.087161, 0.789406, 0.839886, 8.000000
0.359836, 0.252280, 0.285654, 0.000000
0.073499, 0.322935, 0.000000, 0.000000
0.197678, 0.330311, 0.205546, 0.000000
0.328353, 0.178469, 0.043446, 0.000000
0.203910, 0.256968, 0.039942, 0.000000
0.219499, 0.178363, 0.305709, 0.000000
0.306998, 0.219773, 0.151623, 0.000000
0.305707, 0.196790, 0.187163, 0.000000
0.386668, 0.193303, 0.255085, 0.000000
0.065452, 0.256579, 0.168263, 0.000000
0.110028, 0.074518, 0.243798, 0.000000
0.193871, 0.942912, 0.401070, 7.000000
0.194913, 0.248635, 0.315264, 0.000000
0.159576, 0.152292, 0.184355, 0.000000
0.439937, 0.237428, 0.289663, 0.000000
0.236952, 0.070686, 0.408816, 0.000000
0.807187, 0.872686, 1.000000, 11.000000
0.284109, 0.041818, 0.169122, 0.000000
0.074381, 0.099948, 0.230172, 0.000000
0.232468, 0.340761, 0.192016, 0.000000
0.167986, 0.849111, 0.981330, 8.000000
0.247299, 0.128554, 0.100165, 0.000000
0.286298, 0.328139, 0.169728, 0.000000
0.206218, 0.331742, 0.140997, 0.000000
0.000000, 0.172521, 0.395949, 0.000000
0.167257, 0.273141, 0.116524, 0.000000
0.108135, 0.296274, 0.221394, 0.000000
0.176988, 0.305188, 0.222115, 0.000000
0.071626, 0.107456, 0.076523, 0.000000
0.370165, 0.181655, 0.238508, 0.000000
0.065565, 0.142843, 0.023434, 0.000000
0.173295, 0.217411, 0.147830, 0.000000
0.203417, 0.117173, 0.100191, 0.000000
0.199846, 0.123798, 0.146563, 0.000000
0.180202, 0.219484, 0.141005, 0.000000
0.128514, 0.293770, 0.209341, 0.000000
0.000000, 0.203329, 0.085058, 0.000000
0.245491, 0.112488, 0.066671, 0.000000
0.250901, 0.213726, 0.166032, 0.000000
0.205596, 0.135625, 0.148057, 0.000000
0.234180, 0.199141, 0.371957, 0.000000
0.092581, 0.287038, 0.304493, 0.000000
0.000000, 0.365970, 0.363331, 0.000000
0.300245, 0.162376, 0.330697, 0.000000
0.275401, 0.090424, 0.250796, 0.000000
0.396802, 0.134977, 0.061798, 3.000000
0.119612, 0.366572, 0.257936, 0.000000
0.087596, 1.000000, 0.181648, 6.000000
0.770265, 0.001914, 0.126280, 3.000000
0.253798, 0.111305, 0.130405, 0.000000
0.033148, 0.142115, 0.173426, 0.000000
0.153744, 0.119649, 0.178460, 0.000000
0.185440, 0.309005, 0.259762, 0.000000
0.162191, 0.332382, 0.148873, 0.000000
0.095978, 0.170916, 0.309058, 0.000000
0.030056, 0.107059, 0.159534, 0.000000
0.287965, 0.103676, 1.000000, 2.000000
0.275101, 0.253971, 0.211881, 0.000000
0.342041, 0.000000, 0.167910, 0.000000
0.225264, 0.045860, 0.419444, 0.000000
0.414912, 0.310951, 0.169212, 0.000000
0.151555, 0.176816, 0.265997, 0.000000
0.199595, 0.089624, 0.078154, 0.000000
0.969394, 0.834425, 0.337211, 9.000000
0.073345, 0.298414, 0.000000, 0.000000
0.284449, 0.005376, 0.276588, 0.000000
0.383209, 0.107078, 0.143904, 0.000000
0.271340, 0.181849, 0.260971, 0.000000
0.267245, 0.253340, 0.246393, 0.000000
0.281945, 0.225981, 0.049891, 0.000000
0.062651, 0.235104, 0.198816, 0.000000
0.207746, 0.225067, 0.274754, 0.000000
0.219465, 0.253197, 0.112881, 0.000000
0.148292, 0.338863, 0.401289, 0.000000
0.104821, 0.153926, 0.229211, 0.000000
0.210154, 0.306568, 0.255207, 0.000000
0.203774, 0.238553, 0.050637, 0.000000
0.117837, 0.059404, 0.447491, 1.000000
0.046994, 0.274578, 0.296231, 0.000000
0.150405, 0.259916, 0.101485, 0.000000
0.306436, 0.139229, 0.233993, 0.000000
0.374023, 0.262082, 0.214965, 0.000000
0.149304, 0.269605, 0.247067, 0.000000
0.000000, 0.248745, 0.201120, 0.000000
0.287471, 0.040916, 0.234229, 0.000000
0.008288, 0.038662, 0.267243, 0.000000
0.192429, 0.250294, 0.162403, 0.000000
0.094182, 0.128055, 0.279119, 0.000000
0.072380, 0.286060, 0.132011, 0.000000
0.359211, 0.148501, 0.243131, 0.000000
0.112520, 0.209137, 0.288860, 0.000000
0.326548, 0.253210, 0.360360, 0.000000
0.061286, 0.115668, 0.046977, 0.000000
0.258165, 0.263221, 0.104878, 0.000000
0.121984, 0.171993, 0.256771, 0.000000
0.055471, 0.183789, 0.225535, 0.000000
0.800841, 0.919018, 0.966953, 11.000000
0.296739, 0.271699, 0.929855, 2.000000
0.219833, 0.202837, 0.219854, 0.000000
0.261378, 0.184391, 0.077507, 0.000000
0.194218, 0.296971, 0.000000, 0.000000
0.235670, 0.216092, 0.154022, 0.000000
0.445062, 0.307225, 0.133240, 0.000000
0.000000, 0.246773, 0.112447, 0.000000
0.282938, 0.281774, 0.059472, 0.000000
0.144271, 0.233352, 0.224192, 0.000000
0.213704, 0.329616, 0.171963, 0.000000
0.055945, 0.212135, 0.125680, 0.000000
0.140239, 0.447498, 0.297072, 0.000000
0.285318, 0.121254, 0.348603, 0.000000
0.174882, 0.427834, 0.267511, 0.000000
0.348531, 0.265824, 0.150551, 0.000000
0.185997, 0.312463, 0.656078, 1.000000
0.148031, 0.957510, 0.840922, 8.000000
0.008222, 0.325369, 0.044150, 0.000000
0.196994, 0.099903, 0.106886, 0.000000
0.437158, 0.263674, 0.211952, 0.000000
0.249666, 0.047287, 0.368093, 0.000000
0.285366, 0.191938, 0.235378, 0.000000
0.198129, 0.245341, 0.250445, 0.000000
0.206979, 0.163130, 0.177646, 0.000000
0.155846, 0.247591, 0.100048, 0.000000
0.380214, 0.155114, 0.213383, 0.000000
0.198035, 0.211720, 0.253798, 0.000000
0.854519, 0.858643, 0.603378, 10.000000
0.166000, 0.308015, 0.240767, 0.000000
0.238532, 0.083629, 0.202838, 0.000000
0.300351, 0.243842, 0.319323, 0.000000
0.023032, 0.093505, 0.444733, 0.000000
0.154523, 0.221393, 0.164703, 0.000000
0.173221, 0.284454, 0.205852, 0.000000
0.227306, 0.136353, 0.032725, 0.000000
0.252644, 0.233382, 0.285193, 0.000000
0.267834, 0.273636, 0.027660, 0.000000
0.318054, 0.882042, 0.572836, 7.000000
0.318242, 0.304322, 0.181890, 0.000000
0.156232, 0.118636, 0.281636, 0.000000
0.292050, 0.201097, 0.196440, 0.000000
0.249543, 0.110388, 0.175718, 0.000000
0.266807, 0.108121, 0.193738, 0.000000
0.104817, 0.224918, 0.127378, 0.000000
0.340421, 0.407582, 0.124521, 0.000000
0.156540, 0.225203, 0.452687, 0.000000
0.237387, 0.121934, 0.156223, 0.000000
0.182298, 0.263458, 0.231650, 0.000000
0.206772, 0.107324, 0.179588, 0.000000
0.063398, 0.210202, 0.063880, 0.000000
0.311533, 0.140639, 0.076451, 0.000000
0.291690, 0.187355, 0.322623, 0.000000
0.116164, 0.229678, 0.275231, 0.000000
0.321534, 0.777379, 0.166461, 6.000000
0.252818, 0.049466, 0.337026, 0.000000
0.095716, 0.250446, 0.314921, 0.000000
0.097907, 0.221267, 0.245251, 0.000000
0.232437, 0.052084, 0.313971, 0.000000
0.102142, 0.239556, 0.267648, 0.000000
0.201231, 0.292871, 0.134476, 0.000000
0.182699, 0.404330, 0.292440, 0.000000
0.267984, 0.150341, 0.220501, 0.000000
0.086849, 0.225446, 0.133761, 0.000000
0.024351, 0.222364, 0.048041, 0.000000
0.253829, 0.083530, 0.231643, 0.000000
0.236744, 0.258674, 0.263291, 0.000000
0.246321, 0.208210, 0.086907, 0.000000
0.343963, 0.101847, 0.341465, 0.000000
0.140271, 0.084278, 0.186087, 0.000000
0.158275, 0.175594, 0.228602, 0.000000
0.257803, 0.270312, 0.196067, 0.000000
0.104970, 0.082295, 0.089260, 0.000000
0.072161, 0.239158, 0.036843, 0.000000
0.076832, 0.289816, 0.175121, 0.000000
0.008370, 0.186899, 0.289270, 0.000000
0.101347, 0.024074, 0.238560, 0.000000
0.191364, 0.215219, 0.000000, 0.000000
0.199219, 0.246075, 0.152893, 0.000000
0.069094, 0.371676, 0.024164, 0.000000
0.207432, 0.201684, 0.166458, 0.000000
0.165069, 0.221739, 0.000000, 0.000000
0.325746, 0.291599, 0.299421, 0.000000
0.044850, 0.077962, 0.181987, 0.000000
0.177206, 0.137957, 0.148021, 0.000000
0.198063, 0.316295, 0.377071, 0.000000
0.193852, 0.300916, 0.335970, 0.000000
0.068619, 0.136970, 0.113514, 0.000000
0.160662, 0.311282, 0.146498, 0.000000
0.184055, 0.154361, 0.340279, 0.000000
0.210098, 0.080941, 0.237504, 0.000000
0.114492, 0.166532, 0.172956, 0.000000
0.134995, 0.115561, 0.230063, 0.000000
0.111258, 0.308686, 0.110669, 0.000000
0.254225, 0.072865, 0.225596, 0.000000
0.315869, 0.121293, 0.401180, 1.000000
0.193586, 0.232618, 0.506984, 1.000000
0.208725, 0.322380, 0.135426, 0.000000
0.207306, 0.053908, 0.266502, 0.000000
0.687758, 0.137161, 0.246194, 3.000000
0.111902, 0.225857, 0.178866, 0.000000
0.218760, 0.223902, 0.254956, 0.000000
0.097564, 0.227622, 0.280169, 1.000000
0.114589, 0.212629, 0.288744, 0.000000
0.228192, 0.234098, 0.345872, 0.000000
0.045485, 0.198985, 0.420872, 0.000000
0.201868, 0.896052, 0.916243, 8.000000
0.275175, 0.206897, 0.168359, 0.000000
0.000000, 0.423391, 0.204364, 0.000000
0.324485, 0.288191, 0.329294, 0.000000
0.193674, 0.254174, 0.094289, 0.000000
0.260661, 0.951967, 0.235684, 6.000000
0.130949, 0.172982, 0.070068, 0.000000
0.333940, 0.079713, 0.089812, 0.000000
0.245877, 0.291162, 0.180222, 0.000000
0.166196, 0.836035, 0.468268, 7.000000
0.152224, 0.256524, 0.225238, 0.000000
0.135794, 0.121037, 0.172902, 0.000000
0.280133, 0.155948, 0.107611, 0.000000
0.301029, 0.410321, 0.215760, 0.000000
0.372427, 0.358254, 0.170733, 0.000000
0.824078, 0.917211, 0.159207, 9.000000
0.196188, 0.251321, 0.308470, 0.000000
0.233142, 0.290301, 0.084996, 0.000000
0.327464, 0.155801, 0.143772, 0.000000
0.037281, 0.101151, 0.162022, 0.000000
0.381281, 0.307672, 0.176545, 0.000000
0.079713, 0.219473, 0.343886, 0.000000
0.048708, 0.143161, 0.041604, 0.000000
0.289052, 0.408730, 0.265327, 0.000000
0.170469, 0.203744, 0.286370, 0.000000
0.203767, 0.048820, 0.200693, 0.000000
0.342374, 0.308031, 0.229316, 0.000000
0.242581, 0.279346, 0.262312, 0.000000
0.071475, 0.246704, 0.066159, 0.000000
0.437915, 0.081756, 0.203577, 0.000000
0.073041, 0.033841, 0.211162, 0.000000
0.143743, 0.129815, 0.308012, 0.000000
0.208219, 0.250704, 0.932341, 2.000000
0.258141, 0.175845, 0.170509, 0.000000
0.130814, 0.243538, 0.442600, 0.000000
0.134271, 0.229399, 0.262005, 0.000000
0.178300, 0.285362, 0.051369, 0.000000
0.074520, 0.200419, 0.011292, 0.000000
0.013825, 0.128219, 0.362615, 0.000000
0.056955, 0.149673, 0.181914, 0.000000
0.125262, 0.157226, 0.266569, 0.000000
0.367819, 0.262799, 0.076994, 0.000000
0.395877, 0.136981, 0.006613, 0.000000
0.360741, 0.158779, 0.119990, 0.000000
0.235989, 0.956177, 1.000000, 8.000000
0.381681, 0.065586, 0.180907, 0.000000
0.299910, 0.203091, 0.001987, 0.000000
0.092059, 0.145393, 0.056008, 0.000000
0.350395, 0.260931, 0.213382, 0.000000
0.197723, 0.245608, 0.125206, 0.000000
0.337045, 0.434059, 0.181338, 0.000000
0.246234, 0.154718, 0.169652, 0.000000
0.000000, 0.230433, 0.082653, 0.000000
0.119130, 0.294976, 0.092556, 0.000000
0.318393, 0.328479, 0.228135, 0.000000
0.278723, 0.694335, 0.591404, 7.000000
0.196156, 0.246328, 0.040554, 0.000000
0.124724, 0.256242, 0.333659, 0.000000
0.305704, 0.283780, 0.266941, 0.000000
0.316755, 0.136666, 0.100348, 0.000000
0.249678, 0.219823, 0.216653, 0.000000
0.201365, 0.037660, 0.162089, 0.000000
0.587167, 0.200636, 0.813779, 5.000000
0.174600, 0.349791, 0.269096, 0.000000
0.087377, 0.078860, 0.271919, 0.000000
0.109331, 0.243012, 0.165336, 0.000000
0.170401, 0.034050, 0.207156, 0.000000
0.156920, 0.303232, 0.273089, 0.000000
0.720704, 1.000000, 0.872521, 11.000000
0.190091, 0.000000, 0.293645, 0.000000
0.198587, 0.495735, 0.126915, 0.000000
0.235733, 0.263238, 0.169290, 0.000000
0.206494, 0.136402, 0.021702, 0.000000
0.011107, 1.000000, 0.580970, 7.000000
0.228778, 0.046746, 0.373197, 0.000000
0.079843, 0.243487, 0.122975, 0.000000
0.236504, 0.406626, 0.149355, 0.000000
0.140799, 0.197382, 0.099607, 0.000000
0.149042, 0.042617, 0.091314, 0.000000
0.114564, 0.000000, 0.280747, 0.000000
0.285294, 0.000000, 0.278075, 0.000000
0.229497, 0.194856, 0.164217, 0.000000
0.277357, 0.096925, 0.259839, 0.000000
0.605495, 0.328219, 0.268298, 3.000000
0.293618, 0.194149, 0.139728, 0.000000
0.245591, 0.796486, 0.916743, 8.000000
0.945224, 1.000000, 0.245298, 9.000000
0.047570, 0.197202, 0.103961, 0.000000
0.140441, 0.275354, 0.219151, 0.000000
0.228441, 0.191335, 0.347207, 0.000000
0.823815, 0.102568, 0.141130, 3.000000
0.229525, 0.177004, 0.095750, 0.000000
0.448890, 0.152346, 0.767852, 2.000000
0.254197, 0.144635, 0.210281, 0.000000
0.181415, 0.465395, 0.145987, 0.000000
0.193935, 0.357638, 0.092151, 0.000000
0.196618, 0.308180, 0.340064, 0.000000
0.138874, 0.004226, 0.296746, 0.000000
0.292382, 0.161215, 0.169493, 0.000000
0.322440, 0.172793, 0.190844, 0.000000
0.116789, 0.365705, 0.297884, 0.000000
0.227943, 0.145067, 0.305128, 0.000000
0.441906, 0.117081, 0.000000, 0.000000
0.268482, 0.133174, 0.251564, 0.000000
0.038606, 0.067671, 0.144253, 0.000000
0.312877, 0.242682, 0.156552, 0.000000
0.276282, 0.140813, 0.237457, 0.000000
0.318911, 0.180610, 0.028262, 0.000000
0.168326, 0.040661, 0.120925, 0.000000
0.036625, 0.201776, 0.301680, 0.000000
0.215946, 0.227009, 0.056712, 0.000000
0.278675, 0.250266, 0.194181, 0.000000
0.268874, 0.185245, 0.233247, 0.000000
0.224673, 0.130276, 0.290369, 0.000000
0.042481, 0.377307, 0.252064, 0.000000
0.488724, 0.109217, 0.566101, 4.000000
0.229453, 0.217599, 0.179333, 0.000000
0.210997, 0.123124, 0.214609, 0.000000
0.394730, 0.158174, 0.120662, 0.000000
0.711441, 0.175503, 0.357700, 3.000000
0.268885, 0.257379, 0.132678, 0.000000
0.224642, 0.218923, 0.042262, 0.000000
0.130851, 0.175190, 0.210046, 0.000000
0.193715, 0.164115, 0.116979, 0.000000
0.243283, 0.085075, 0.259187, 0.000000
0.237444, 0.108246, 0.054318, 0.000000
0.296864, 0.023642, 0.146469, 0.000000
0.184219, 0.003275, 0.168240, 0.000000
0.000000, 0.290292, 0.107626, 0.000000
0.316940, 0.210319, 0.279550, 0.000000
0.303868, 0.099651, 0.293153, 0.000000
0.082436, 0.072006, 0.018683, 0.000000
0.009573, 0.170073, 0.110096, 0.000000
0.290800, 0.417511, 0.360550, 0.000000
0.000000, 0.113467, 0.307451, 0.000000
0.822067, 0.873163, 0.141722, 9.000000
0.070374, 0.079290, 0.306037, 0.000000
0.055682, 0.191848, 0.202641, 0.000000
0.226469, 0.067400, 0.137779, 0.000000
0.177269, 0.229053, 0.167847, 0.000000
0.026856, 0.121411, 0.243933, 0.000000
0.200482, 0.268049, 0.150561, 0.000000
0.202244, 0.056623, 0.167829, 0.000000
0.158011, 0.269754, 0.247386, 0.000000
0.175477, 0.000000, 0.229835, 0.000000
0.282208, 0.044400, 0.218825, 0.000000
0.301825, 0.320075, 0.090170, 0.000000
0.169018, 0.259353, 0.219032, 0.000000
0.252221, 0.223104, 0.156988, 0.000000
0.022840, 0.182966, 0.161906, 0.000000
0.066914, 0.085749, 0.168460, 0.000000
0.211785, 0.114600, 0.320468, 0.000000
0.344620, 0.215907, 0.571352, 1.000000
0.187340, 0.056062, 0.326391, 0.000000
0.176046, 0.287857, 0.261975, 0.000000
0.171749, 0.571802, 0.246251, 6.000000
0.362788, 0.186892, 0.174540, 0.000000
0.335154, 0.140212, 0.181395, 0.000000
0.171821, 0.305113, 0.147968, 0.000000
0.187654, 0.196413, 0.092210, 0.000000
0.100267, 0.168356, 0.036894, 0.000000
0.000000, 1.000000, 0.554075, 7.000000
0.229260, 0.182496, 0.423848, 0.000000
0.095985, 0.235780, 0.135602, 0.000000
0.248903, 0.114895, 0.369225, 0.000000
0.090222, 0.133879, 0.389478, 0.000000
0.153837, 0.250510, 0.243180, 0.000000
0.306552, 0.286644, 0.285423, 0.000000
0.046643, 0.272271, 0.257029, 0.000000
0.000000, 0.168835, 0.281651, 0.000000
0.339431, 0.270127, 0.325022, 0.000000
0.053388, 0.276567, 0.160853, 0.000000
0.206025, 0.039973, 0.266882, 0.000000
0.026408, 0.109965, 0.331952, 0.000000
0.184483, 0.067995, 0.152035, 0.000000
0.106834, 0.209939, 0.124463, 0.000000
0.087792, 0.285584, 0.052959, 0.000000
0.214943, 0.278358, 0.178963, 0.000000
0.109090, 0.092580, 0.323710, 0.000000
0.187626, 0.266020, 0.361686, 0.000000
0.032066, 0.231836, 0.238122, 0.000000
0.511169, 0.240148, 0.722058, 5.000000
0.255620, 0.134293, 0.000000, 0.000000
0.237418, 0.082685, 0.112289, 0.000000
0.286614, 0.229755, 0.114046, 0.000000
0.182985, 0.380288, 0.334544, 0.000000
0.186947, 0.310493, 0.352754, 0.000000
0.135270, 0.324864, 0.248212, 0.000000
0.160105, 0.179596, 0.208506, 0.000000
0.189336, 0.312388, 0.031773, 0.000000
0.354318, 0.026408, 0.193089, 0.000000
0.931343, 0.816067, 0.262435, 9.000000
0.149159, 0.343325, 0.000000, 0.000000
0.067228, 0.974540, 0.410511, 7.000000
0.317669, 0.335502, 0.210364, 0.000000
0.311063, 0.274376, 0.349326, 0.000000
0.930409, 0.976912, 0.132532, 9.000000
0.488256, 0.202830, 0.055797, 0.000000
0.189954, 0.150606, 0.261906, 0.000000
0.180595, 0.335718, 0.030842, 0.000000
0.302576, 0.729560, 0.215548, 6.000000
0.407069, 0.102472, 0.214627, 0.000000
0.302492, 0.146658, 0.103462, 0.000000
0.104229, 0.322515, 0.171242, 0.000000
0.252036, 0.038135, 0.203187, 0.000000
0.346638, 0.184430, 0.113392, 0.000000
0.160299, 0.175657, 0.219709, 0.000000
0.353352, 0.215747, 0.286340, 0.000000
0.332066, 0.138373, 0.278012, 0.000000
0.238562, 0.147211, 0.056041, 0.000000
0.073025, 0.150352, 0.262206, 0.000000
0.133495, 0.148470, 0.148856, 0.000000
0.224133, 0.189997, 0.206381, 0.000000
0.217536, 0.153351, 0.317356, 0.000000
0.111964, 0.167149, 0.067328, 0.000000
0.200808, 0.345772, 0.069956, 0.000000
0.091086, 0.065739, 0.354286, 0.000000
0.009369, 0.105556, 0.298646, 0.000000
0.191728, 0.286475, 0.105446, 0.000000
0.191377, 0.091573, 0.150242, 0.000000
0.456773, 0.240601, 0.273178, 0.000000
0.102189, 0.097421, 0.232289, 0.000000
0.202499, 0.818792, 0.947168, 8.000000
0.197681, 0.176885, 0.146929, 0.000000
0.357406, 0.017568, 0.379737, 0.000000
0.294394, 0.376857, 0.024063, 0.000000
0.358530, 0.031358, 0.193120, 0.000000
0.194432, 0.328917, 0.000000, 0.000000
0.093233, 0.121073, 0.236921, 0.000000
0.055004, 0.165686, 0.270123, 0.000000
0.243915, 0.173492, 0.798007, 2.000000
0.286804, 0.148237, 0.251752, 0.000000
0.161056, 0.197904, 0.134777, 0.000000
0.358773, 0.300105, 0.288754, 0.000000
0.270077, 0.302770, 0.067059, 0.000000
0.250707, 0.130806, 0.248055, 0.000000
0.226472, 0.108178, 0.301937, 0.000000
0.207213, 0.195310, 0.145120, 0.000000
0.162857, 0.347800, 0.137774, 0.000000
0.092672, 0.270312, 0.362786, 0.000000
0.143144, 0.219144, 0.356124, 0.000000
0.205866, 0.220286, 0.265631, 0.000000
0.194100, 0.253387, 0.240923, 0.000000
0.225413, 0.122456, 0.269822, 0.000000
0.214470, 0.516034, 0.240755, 0.000000
0.146914, 0.282208, 0.347300, 0.000000
0.279055, 0.223069, 0.153098, 0.000000
0.228790, 0.154472, 0.198072, 0.000000
0.298445, 0.211693, 0.126979, 0.000000
0.432811, 0.236825, 0.285004, 0.000000
0.240707, 0.181939, 0.094653, 0.000000
0.089816, 0.013105, 0.059677, 0.000000
0.227174, 0.407212, 0.120664, 0.000000
0.446233, 0.378033, 0.208051, 0.000000
0.205656, 0.097720, 0.219254, 0.000000
0.078908, 0.116786, 0.068253, 0.000000
0.075189, 0.208019, 0.282586, 0.000000
0.184186, 0.000000, 0.128290, 0.000000
0.227631, 0.172074, 0.190513, 0.000000
0.059243, 0.175287, 0.180034, 0.000000
0.253653, 0.110674, 0.052479, 0.000000
0.253981, 0.212107, 0.293783, 0.000000
0.076004, 0.291778, 0.141940, 0.000000
0.120283, 0.944130, 0.772263, 8.000000
0.230175, 0.331111, 0.294997, 0.000000
0.321596, 0.175355, 0.238630, 0.000000
0.120585, 0.300702, 0.251016, 0.000000
0.779701, 0.382129, 0.882943, 5.000000
0.240151, 0.118291, 0.224063, 0.000000
0.850872, 0.845453, 0.988942, 11.000000
0.199994, 0.258212, 0.370527, 0.000000
0.261426, 0.238013, 0.001751, 0.000000
0.170280, 0.221594, 0.225907, 0.000000
0.351221, 0.198953, 0.178077, 0.000000
0.156414, 0.331891, 0.291997, 0.000000
0.145517, 0.169977, 0.225469, 0.000000
0.157379, 0.361470, 0.339051, 0.000000
0.263447, 0.220897, 0.152175, 0.000000
0.311083, 0.205343, 0.225023, 0.000000
0.090647, 0.306608, 0.342423, 0.000000
0.006305, 0.236631, 0.243326, 0.000000
0.155825, 0.026447, 0.356370, 0.000000
0.123307, 0.100075, 0.204292, 0.000000
0.126357, 0.142382, 0.200206, 0.000000
0.152843, 0.206575, 0.081618, 0.000000
0.356790, 0.375042, 0.378314, 0.000000
0.190212, 0.365433, 0.240821, 0.000000
0.060113, 0.245901, 0.178983, 0.000000
0.172216, 0.150831, 0.139544, 0.000000
0.026278, 0.193154, 0.114715, 0.000000
0.170251, 0.031374, 0.050683, 0.000000
0.109755, 0.189936, 0.204343, 0.000000
0.102881, 0.282214, 0.120119, 0.000000
0.298344, 0.068889, 0.217941, 0.000000
0.102130, 0.172453, 0.243726, 0.000000
1.000000, 0.562917, 0.145770, 9.000000
0.323747, 0.215361, 0.115389, 0.000000
0.156382, 0.235278, 0.117751, 0.000000
0.123992, 0.117151, 0.252553, 0.000000
0.235964, 0.366219, 0.000000, 0.000000
0.067465, 0.276385, 0.062511, 0.000000
0.030934, 0.137187, 0.222782, 0.000000
0.289495, 0.263006, 0.320150, 0.000000
0.034381, 0.153650, 0.134109, 0.000000
0.277767, 0.000000, 0.290236, 0.000000
0.448243, 0.107602, 0.146848, 0.000000
0.185491, 0.338285, 0.218207, 0.000000
0.247159, 0.270076, 0.157992, 0.000000
0.005139, 0.318829, 0.472642, 0.000000
0.258961, 0.232470, 0.193687, 0.000000
0.119468, 0.269145, 0.348412, 0.000000
0.271244, 0.144951, 0.113298, 0.000000
0.182072, 0.056910, 0.093642, 0.000000
0.030655, 0.308009, 0.491484, 0.000000
0.231988, 0.170184, 0.342552, 0.000000
0.199390, 0.253580, 0.165037, 0.000000
0.016819, 0.234568, 0.109419, 0.000000
0.890764, 1.000000, 0.621288, 10.000000
0.107592, 0.200358, 0.149797, 0.000000
0.000000, 0.217453, 0.302230, 0.000000
0.035264, 0.282527, 0.234209, 0.000000
0.226981, 0.346587, 0.281416, 0.000000
0.137274, 0.178663, 0.227631, 0.000000
0.091362, 1.000000, 0.848366, 8.000000
0.527675, 0.280356, 0.194846, 3.000000
0.355993, 0.258653, 0.093289, 0.000000
0.335245, 0.206647, 0.278332, 0.000000
0.261316, 0.273093, 0.152895, 0.000000
0.294678, 0.190022, 0.191544, 0.000000
0.307372, 0.000000, 0.309080, 0.000000
0.033253, 0.180876, 0.292372, 0.000000
0.778996, 0.311654, 0.382527, 4.000000
0.309375, 0.100778, 0.216761, 0.000000
0.288484, 0.090348, 0.164615, 0.000000
0.400925, 0.252185, 0.384968, 0.000000
0.361255, 0.282837, 0.156445, 0.000000
0.301155, 0.251449, 0.201289, 0.000000
0.161937, 0.288681, 0.343380, 0.000000
0.280542, 0.116947, 0.170007, 0.000000
0.227020, 0.332581, 0.144227, 0.000000
0.109798, 0.102128, 0.391852, 0.000000
0.015929, 0.118265, 0.189024, 0.000000
0.254538, 0.295117, 0.134873, 0.000000
0.027253, 0.293540, 0.281397, 0.000000
0.221623, 0.227520, 0.214180, 0.000000
0.178830, 0.186666, 0.067896, 0.000000
0.446622, 0.420237, 0.000000, 0.000000
0.092683, 0.370767, 0.322726, 0.000000
0.186360, 0.385197, 0.267994, 0.000000
0.086156, 0.242042, 0.078363, 0.000000
0.160609, 0.270685, 0.376410, 0.000000
0.163569, 0.781999, 0.318495, 6.000000
0.226238, 0.107872, 0.142635, 0.000000
0.396685, 0.266911, 0.044258, 0.000000
0.181873, 0.142241, 0.228450, 0.000000
0.817174, 0.064614, 0.831892, 5.000000
0.170896, 0.252804, 0.128834, 0.000000
0.262704, 0.145824, 0.174508, 0.000000
0.144565, 0.147684, 0.059584, 0.000000
0.052780, 0.259667, 0.089043, 0.000000
0.302491, 0.261571, 0.311385, 0.000000
0.288452, 0.159390, 0.000000, 0.000000
0.152296, 0.057489, 0.288236, 0.000000
0.026622, 0.175455, 0.151585, 0.000000
0.337864, 0.000000, 0.026568, 0.000000
0.000000, 0.234531, 0.000000, 0.000000
0.135446, 0.240053, 0.400291, 0.000000
0.249404, 0.106815, 0.230169, 0.000000
0.166174, 0.161761, 0.200082, 0.000000
0.240421, 0.176996, 0.181624, 0.000000
0.051026, 0.342996, 0.166354, 0.000000
0.250491, 0.191578, 0.284853, 0.000000
0.287786, 0.199737, 0.207540, 0.000000
0.264496, 0.327833, 0.202041, 0.000000
0.198533, 0.198831, 0.221307, 0.000000
0.170082, 0.304118, 0.176114, 0.000000
0.000000, 0.224200, 0.196729, 0.000000
0.093879, 0.093479, 0.210687, 0.000000
0.226531, 0.222899, 0.352397, 0.000000
0.278142, 0.333337, 0.194120, 0.000000
0.059280, 0.103477, 0.299137, 0.000000
0.156853, 0.217432, 0.254036, 0.000000
0.111706, 0.300800, 0.224980, 0.000000
0.287195, 0.221336, 0.157534, 0.000000
0.342356, 0.312668, 0.185986, 0.000000
0.236761, 0.154275, 0.435346, 0.000000
0.081456, 0.101611, 0.255127, 0.000000
0.215308, 0.329118, 0.333175, 0.000000
0.415264, 0.195148, 0.317597, 0.000000
0.088692, 0.297051, 0.109471, 0.000000
0.136766, 0.233398, 0.120277, 0.000000
0.155789, 0.106884, 0.138094, 0.000000
0.215572, 0.046448, 0.270222, 0.000000
0.210150, 0.138511, 0.206641, 0.000000
0.213836, 0.126392, 0.205828, 0.000000
0.209320, 0.196428, 0.104184, 0.000000
0.077255, 0.176894, 0.326774, 0.000000
0.118433, 0.204869, 0.446276, 1.000000
0.270903, 0.103555, 0.018119, 0.000000
0.133138, 0.173351, 0.120228, 0.000000
0.207472, 0.171306, 0.249358, 0.000000
0.136908, 0.257062, 0.158369, 0.000000
0.242018, 0.115360, 0.692082, 2.000000
0.125036, 0.321805, 0.079208, 0.000000
0.264223, 0.130290, 0.312428, 0.000000
0.258451, 0.277985, 0.170290, 0.000000
0.242721, 0.421938, 0.086798, 0.000000
0.095083, 0.113846, 0.191445, 0.000000
0.058305, 0.202866, 0.043766, 0.000000
0.289929, 0.325381, 0.308258, 0.000000
0.137707, 0.161165, 0.094784, 0.000000
0.118051, 0.227975, 0.274315, 0.000000
0.062484, 0.352072, 0.188128, 0.000000
0.139765, 0.271222, 0.170949, 0.000000
0.863552, 0.995064, 0.628648, 10.000000
0.207594, 0.231929, 0.219006, 0.000000
0.221793, 0.347779, 0.310611, 0.000000
0.337897, 0.181282, 0.212821, 0.000000
0.230871, 0.000000, 0.238237, 0.000000
0.137260, 0.091732, 0.338457, 0.000000
0.227775, 0.126452, 0.196253, 0.000000
0.754789, 0.000000, 0.588010, 4.000000
0.141277, 0.219056, 0.264389, 0.000000
0.048692, 0.117681, 0.071374, 0.000000
0.186680, 0.275574, 0.147403, 0.000000
0.313938, 0.275668, 0.203329, 0.000000
0.336054, 0.264342, 0.294999, 0.000000
0.087762, 0.085250, 0.071544, 0.000000
0.378705, 0.399028, 0.204706, 0.000000
0.091870, 0.260900, 0.371567, 0.000000
0.203383, 0.084407, 0.225859, 0.000000
0.192633, 0.222784, 0.286078, 0.000000
0.299445, 0.126463, 0.214849, 0.000000
0.130701, 0.299242, 0.211469, 0.000000
0.384399, 0.157467, 0.233699, 0.000000
0.309353, 0.131652, 0.197910, 0.000000
0.282271, 0.091839, 0.253120, 0.000000
0.112941, 0.045257, 0.260361, 0.000000
0.096075, 0.258867, 0.062092, 0.000000
0.145011, 0.206733, 0.283751, 0.000000
0.286910, 0.231571, 0.161338, 0.000000
0.665418, 0.175398, 0.175973, 3.000000
0.393258, 0.397907, 0.091384, 0.000000
0.287950, 0.261085, 0.255443, 0.000000
0.035167, 0.068754, 0.228925, 0.000000
0.129647, 0.197256, 0.133448, 0.000000
0.102466, 0.211479, 0.175815, 0.000000
0.321860, 0.323920, 0.301174, 0.000000
0.373423, 0.150869, 0.133177, 0.000000
0.227536, 0.273392, 0.052162, 0.000000
0.163035, 0.109235, 0.256451, 0.000000
0.123649, 0.209789, 0.286366, 0.000000
0.298496, 0.181017, 0.268964, 0.000000
0.109192, 0.225053, 0.355031, 0.000000
0.163868, 0.176637, 0.190666, 0.000000
0.168927, 0.219277, 0.082338, 0.000000
0.412400, 0.318718, 0.395674, 0.000000
0.221270, 0.000000, 0.095432, 0.000000
0.233904, 0.897590, 0.921037, 8.000000
0.076058, 0.089209, 0.229356, 0.000000
0.228074, 0.223439, 0.313055, 0.000000
0.375892, 0.103873, 0.049276, 0.000000
0.173598, 0.456557, 0.089304, 0.000000
0.126920, 0.201785, 0.310364, 0.000000
0.000000, 0.000000, 0.224071, 0.000000
0.325483, 0.280186, 0.190753, 0.000000
0.150172, 0.163114, 0.183117, 0.000000
0.119675, 0.159192, 0.102512, 0.000000
0.203656, 0.125105, 0.165640, 0.000000
0.301715, 0.091547, 0.195270, 0.000000
0.166055, 0.196153, 0.151257, 0.000000
0.161327, 0.286207, 0.102742, 0.000000
0.179496, 0.145764, 0.135784, 0.000000
0.313631, 0.267942, 0.364321, 0.000000
0.244116, 0.195454, 0.147456, 0.000000
0.259719, 0.091011, 0.126196, 0.000000
0.166542, 0.121558, 0.108598, 0.000000
0.022538, 0.319180, 0.071516, 0.000000
0.655464, 0.240564, 0.748625, 5.000000
0.227780, 0.389455, 0.268682, 0.000000
0.154413, 0.349115, 0.208779, 0.000000
0.141537, 0.158494, 0.214768, 0.000000
0.149311, 0.156664, 0.080629, 0.000000
0.000000, 0.153001, 0.056759, 0.000000
0.220045, 0.178740, 0.212318, 0.000000
0.227513, 0.165329, 0.130826, 0.000000
0.277414, 0.023094, 0.168541, 0.000000
0.608074, 0.126875, 0.778643, 5.000000
0.297754, 0.177543, 0.269559, 0.000000
0.361777, 0.274157, 0.328439, 0.000000
0.109910, 0.210781, 0.271803, 0.000000
0.408440, 0.122140, 0.116234, 3.000000
0.135029, 0.184777, 0.458454, 0.000000
0.115371, 0.167131, 0.258491, 0.000000
0.000000, 0.075327, 0.174255, 0.000000
0.230862, 0.296720, 0.146038, 0.000000
0.352770, 0.384807, 0.272695, 0.000000
0.310492, 0.300620, 0.131576, 0.000000
0.302301, 0.270968, 0.125615, 0.000000
0.268676, 0.252276, 0.348197, 0.000000
0.202037, 0.181751, 0.126181, 0.000000
0.096814, 0.308952, 0.168420, 0.000000
0.170791, 0.158501, 0.150141, 0.000000
0.006906, 0.260223, 0.309695, 0.000000
0.884144, 0.146110, 0.776319, 5.000000
0.236744, 0.277184, 0.000000, 0.000000
0.166911, 0.068150, 0.350953, 0.000000
0.158877, 0.324201, 0.177147, 0.000000
0.487179, 0.138709, 1.000000, 5.000000
0.149524, 0.270639, 0.082135, 0.000000
0.221009, 0.745768, 0.444952, 7.000000
0.172283, 0.239783, 0.150673, 0.000000
0.237243, 0.194837, 0.116842, 0.000000
0.192676, 0.298516, 0.129788, 0.000000
0.158654, 0.800966, 0.084174, 6.000000
0.229824, 0.089050, 0.158013, 0.000000
0.220159, 0.165569, 0.099750, 0.000000
0.109510, 0.300840, 0.098898, 0.000000
0.295659, 0.168535, 0.249504, 0.000000
0.190518, 0.119034, 0.152762, 0.000000
0.194176, 0.207627, 0.000000, 0.000000
0.226398, 0.299085, 0.138912, 0.000000
0.335043, 0.194358, 0.031869, 0.000000
0.192944, 0.310921, 0.319423, 0.000000
0.093754, 0.115136, 0.146255, 0.000000
0.376443, 0.283940, 0.189925, 0.000000
0.121977, 0.200537, 0.080352, 0.000000
0.125371, 0.210419, 0.103274, 0.000000
0.145589, 0.121351, 0.084766, 0.000000
0.276148, 0.207917, 0.130071, 0.000000
0.248806, 0.271282, 0.311735, 0.000000
0.450103, 0.000000, 0.009213, 0.000000
0.236510, 0.278270, 0.068082, 0.000000
0.378990, 0.223592, 0.318997, 0.000000
0.247882, 0.212794, 0.092365, 0.000000
0.225677, 0.201708, 0.323076, 0.000000
0.111730, 0.155381, 0.214586, 0.000000
0.326086, 0.149033, 0.065483, 0.000000
0.272625, 0.216551, 0.183530, 0.000000
0.337629, 0.168664, 0.162304, 0.000000
0.183118, 0.167348, 0.150856, 0.000000
1.000000, 0.744868, 0.166704, 9.000000
0.027982, 0.289243, 0.219335, 0.000000
0.148093, 0.080738, 0.212333, 0.000000
0.219247, 0.021010, 0.350924, 0.000000
0.095182, 0.336808, 0.069317, 0.000000
0.280085, 0.113503, 0.000000, 0.000000
0.238800, 0.154361, 0.000000, 0.000000
0.228483, 0.248030, 0.096091, 0.000000
0.290004, 0.127358, 0.336380, 0.000000
0.156045, 0.160175, 0.000000, 0.000000
0.213910, 0.287984, 0.162146, 0.000000
0.296913, 0.053570, 0.214234, 0.000000
0.271578, 0.089142, 0.238480, 0.000000
0.299442, 0.905847, 0.927567, 8.000000
0.180765, 0.250559, 0.165054, 0.000000
0.261020, 0.353757, 0.236786, 0.000000
0.292664, 0.164653, 0.299734, 0.000000
0.161795, 0.282205, 0.186233, 0.000000
0.063112, 0.390710, 0.260460, 0.000000
0.184420, 0.196118, 0.163435, 0.000000
0.861453, 0.264170, 0.916211, 5.000000
0.276255, 0.142621, 0.254241, 0.000000
0.308259, 0.401156, 0.239908, 0.000000
0.213187, 0.134056, 0.216836, 0.000000
0.257636, 0.157953, 0.096909, 0.000000
0.218521, 0.220141, 0.038836, 0.000000
0.197998, 0.086245, 0.229475, 0.000000
0.103687, 0.139352, 0.320242, 0.000000
0.213861, 0.089466, 0.222342, 0.000000
0.737910, 0.140160, 0.670539, 4.000000
0.263139, 0.136434, 0.293794, 0.000000
0.334756, 0.150725, 0.222141, 0.000000
0.149606, 0.311722, 0.143285, 0.000000
0.194068, 0.197401, 0.263164, 0.000000
0.208783, 0.432871, 0.604165, 1.000000
0.259265, 0.213792, 0.257109, 0.000000
0.081860, 0.873277, 0.962109, 8.000000
0.165706, 0.101602, 0.154405, 0.000000
0.221414, 0.302694, 0.274547, 0.000000
0.258543, 0.238207, 0.216415, 0.000000
0.000000, 0.208596, 0.111039, 0.000000
0.551765, 0.229739, 0.780739, 5.000000
0.241883, 0.179534, 0.202548, 0.000000
0.802432, 0.994755, 0.782344, 11.000000
0.277391, 0.340549, 0.280304, 0.000000
0.242141, 0.146337, 0.002237, 0.000000
0.124066, 0.054166, 0.056664, 0.000000
0.339787, 0.281123, 0.078234, 0.000000
0.312473, 0.058143, 0.131757, 0.000000
0.092169, 0.152550, 0.341579, 0.000000
0.097258, 0.389156, 0.109878, 0.000000
0.039912, 0.074450, 0.124452, 0.000000
0.096003, 0.201475, 0.276448, 0.000000
0.096526, 0.101953, 0.096967, 0.000000
0.122689, 0.093957, 0.177469, 0.000000
0.315202, 0.140164, 0.000000, 0.000000
0.297635, 0.251745, 0.098460, 0.000000
0.032405, 0.356070, 0.191458, 0.000000
0.267647, 0.251999, 0.195611, 0.000000
0.196752, 0.112836, 0.384347, 0.000000
0.292011, 0.248773, 0.054194, 0.000000
0.213160, 0.361476, 0.172552, 0.000000
0.773761, 0.251537, 0.612017, 4.000000
0.237845, 0.235177, 0.076830, 0.000000
0.489112, 0.112193, 0.097679, 0.000000
0.104756, 0.064476, 0.293906, 0.000000
0.137267, 0.156217, 0.225699, 0.000000
0.146653, 0.071075, 0.018481, 0.000000
0.336040, 0.439874, 0.238618, 0.000000
0.750845, 0.116298, 0.000000, 3.000000
0.200040, 0.105280, 0.232646, 0.000000
0.188304, 0.297971, 0.196841, 0.000000
0.255437, 0.164505, 0.296015, 0.000000
0.140965, 0.300616, 0.365413, 0.000000
0.223915, 0.086827, 0.111300, 0.000000
0.189688, 0.296172, 0.016535, 0.000000
0.267400, 0.175154, 0.310124, 0.000000
0.911374, 0.863867, 0.695405, 11.000000
0.236537, 0.180768, 0.240226, 0.000000
0.295888, 0.296007, 0.067079, 0.000000
0.095370, 0.135120, 0.188311, 0.000000
0.137014, 0.258600, 0.307758, 0.000000
0.115561, 0.211169, 0.238582, 0.000000
0.151369, 0.859086, 0.729501, 8.000000
0.183156, 0.264540, 0.184448, 0.000000
0.175260, 0.112178, 0.240090, 0.000000
0.274933, 0.285620, 0.193300, 0.000000
0.038022, 0.233404, 0.287904, 0.000000
0.077833, 0.071942, 0.129869, 0.000000
0.106344, 0.039468, 0.278412, 0.000000
0.229891, 0.175293, 0.169739, 0.000000
0.179836, 0.073425, 0.298031, 0.000000
0.067406, 0.259488, 0.240695, 0.000000
0.234933, 0.155858, 0.117353, 0.000000
0.184327, 0.000000, 0.213901, 0.000000
0.195012, 0.216622, 0.157353, 0.000000
0.251438, 0.131356, 0.127425, 0.000000
0.145278, 0.233743, 0.109220, 0.000000
0.250860, 0.145785, 0.394836, 0.000000
0.220180, 0.008593, 0.170492, 0.000000
0.276485, 0.183044, 0.185206, 0.000000
0.254195, 0.000000, 0.287363, 0.000000
0.086397, 0.246343, 0.224093, 0.000000
0.140691, 0.118146, 0.253516, 0.000000
0.105503, 0.285740, 0.277519, 0.000000
0.152994, 0.238435, 0.220978, 0.000000
0.337711, 0.315155, 0.104050, 0.000000
0.356027, 0.279725, 0.126222, 0.000000
0.263286, 0.131952, 0.184148, 0.000000
0.232375, 0.099240, 0.291094, 0.000000
0.141739, 0.087996, 0.212391, 0.000000
0.304026, 0.182700, 0.288912, 0.000000
0.000000, 0.204790, 0.298955, 0.000000
0.293094, 0.253252, 0.326844, 0.000000
0.376687, 0.313582, 0.145463, 0.000000
0.156422, 0.119045, 0.192853, 0.000000
0.180454, 0.187616, 0.118566, 0.000000
0.279924, 0.256661, 0.180331, 0.000000
0.241129, 0.216024, 0.181692, 0.000000
0.302745, 0.158236, 0.283888, 0.000000
0.223842, 0.149699, 0.285531, 0.000000
0.280660, 0.354952, 0.169610, 0.000000
0.321117, 0.156785, 0.167392, 0.000000
0.184794, 0.207424, 0.193797, 0.000000
0.020693, 0.180585, 0.013054, 0.000000
0.270876, 0.110053, 0.189203, 0.000000
0.150649, 0.142720, 0.212876, 0.000000
0.206624, 0.833081, 0.842083, 8.000000
0.227317, 0.267872, 0.145535, 0.000000
0.312511, 0.193787, 0.214475, 0.000000
0.051324, 0.142020, 0.183325, 0.000000
0.322675, 0.156023, 0.134782, 0.000000
0.290056, 0.211490, 0.115383, 0.000000
0.197085, 0.188336, 0.285221, 0.000000
0.319429, 0.299923, 0.301139, 0.000000
0.249801, 0.193888, 0.197889, 0.000000
0.198525, 0.207364, 0.312611, 0.000000
0.362230, 0.236522, 0.001274, 0.000000
0.377966, 0.245348, 0.215465, 0.000000
0.161861, 0.206761, 0.350513, 0.000000
0.213511, 0.184670, 0.229191, 0.000000
0.175570, 0.244309, 0.264499, 0.000000
0.085660, 0.217441, 0.229177, 0.000000
0.091446, 0.293732, 0.178656, 0.000000
0.289999, 0.103343, 0.332155, 0.000000
0.134381, 0.165882, 0.206498, 0.000000
0.337129, 0.135303, 0.209169, 0.000000
0.186038, 0.157313, 0.230884, 0.000000
0.054874, 0.199065, 0.271598, 0.000000
0.732774, 0.200376, 0.141865, 3.000000
0.172297, 0.306888, 0.297667, 0.000000
0.116739, 0.189610, 0.241592, 0.000000
0.216667, 0.249763, 0.182144, 0.000000
0.236852, 0.109615, 0.119959, 0.000000
0.235785, 0.156773, 0.125131, 0.000000
0.127636, 0.061233, 0.178366, 0.000000
0.722177, 0.206860, 0.549072, 4.000000
0.817507, 0.125267, 0.223968, 3.000000
0.306928, 0.140625, 0.242690, 0.000000
0.783224, 0.932200, 0.347173, 10.000000
0.137906, 0.246754, 0.261439, 0.000000
0.179542, 0.826257, 0.314422, 6.000000
0.268707, 0.255160, 0.148680, 0.000000
0.246243, 0.202384, 0.280908, 0.000000
0.197482, 0.186384, 0.331432, 0.000000
0.920974, 0.865953, 0.596974, 10.000000
0.226056, 0.319340, 0.337791, 0.000000
0.089929, 0.412128, 0.172276, 0.000000
0.000000, 0.000000, 0.024065, 0.000000
0.121982, 0.073444, 0.226303, 0.000000
0.179571, 0.117485, 0.165050, 0.000000
0.275230, 0.265662, 0.291439, 0.000000
0.236692, 0.109302, 0.126742, 0.000000
0.028733, 0.164919, 0.067781, 0.000000
0.039964, 0.404159, 0.403664, 0.000000
0.209863, 0.353028, 0.291978, 0.000000
0.190005, 0.245972, 0.030228, 0.000000
0.097286, 0.190866, 0.216176, 0.000000
0.000000, 0.261634, 0.335229, 0.000000
0.301747, 0.203754, 0.192446, 0.000000
0.296560, 0.170591, 0.292516, 0.000000
0.391152, 0.236513, 0.154484, 0.000000
0.179908, 0.297490, 0.306870, 0.000000
0.142987, 0.056625, 0.054181, 0.000000
0.000000, 0.154169, 0.148874, 0.000000
0.113428, 0.143120, 0.210139, 0.000000
0.222211, 0.236083, 0.228946, 0.000000
0.254911, 0.320769, 0.226943, 0.000000
0.104335, 0.277974, 0.020659, 0.000000
0.063444, 0.376513, 0.385394, 0.000000
0.073658, 0.186159, 0.243179, 0.000000
0.011622, 0.219281, 0.354933, 0.000000
0.864950, 0.816399, 0.595279, 10.000000
0.157690, 0.208859, 0.390280, 0.000000
0.268938, 0.113641, 0.253634, 0.000000
0.277510, 0.471423, 0.116174, 0.000000
0.191974, 0.231332, 0.302242, 0.000000
0.128313, 0.230679, 0.338517, 0.000000
0.168895, 0.212748, 0.054634, 0.000000
0.271892, 0.351530, 0.382132, 0.000000
0.173917, 0.201692, 0.344440, 0.000000
0.139414, 0.266572, 0.417014, 0.000000
0.356238, 0.758022, 0.471578, 6.000000
0.327450, 0.255681, 0.103238, 0.000000
0.257285, 0.013815, 0.170815, 0.000000
0.000000, 0.101817, 0.321383, 0.000000
0.211762, 0.005923, 0.015776, 0.000000
0.070282, 0.254191, 0.302807, 0.000000
0.312129, 0.136742, 0.050828, 0.000000
0.300666, 0.193806, 0.231696, 0.000000
0.332907, 0.260163, 0.000000, 0.000000
0.195571, 0.209687, 0.265905, 0.000000
0.255518, 0.273062, 0.098833, 0.000000
0.185234, 0.106992, 0.000000, 0.000000
0.183894, 0.959049, 0.528182, 7.000000
0.085791, 0.184367, 0.285037, 0.000000
0.193147, 0.242812, 0.087531, 0.000000
0.241384, 0.185200, 0.299113, 0.000000
0.177758, 0.160775, 0.287679, 0.000000
0.270450, 0.342368, 0.357386, 0.000000
0.111856, 0.175431, 0.138259, 0.000000
0.149411, 0.000000, 0.080063, 0.000000
0.091527, 0.142436, 0.234970, 0.000000
0.276051, 0.357068, 0.243405, 0.000000
0.255307, 0.223562, 0.217768, 0.000000
0.247648, 0.000000, 0.074921, 0.000000
0.273598, 0.307695, 0.188468, 0.000000
0.313589, 0.136275, 0.000000, 0.000000
0.071192, 0.194510, 0.135938, 0.000000
0.238146, 0.152489, 0.014480, 0.000000
0.305558, 0.209920, 0.240029, 0.000000
0.251292, 0.204648, 0.198899, 0.000000
0.291125, 0.136509, 0.304410, 0.000000
0.203632, 0.000000, 0.284785, 0.000000
0.092617, 0.154163, 0.186642, 0.000000
0.222992, 0.293249, 0.401831, 0.000000
0.111925, 0.204950, 0.082976, 0.000000
0.583185, 0.000000, 0.759238, 5.000000
0.769076, 0.886463, 0.476184, 10.000000
0.010595, 0.228268, 0.205954, 0.000000
0.199707, 0.115279, 0.169318, 0.000000
0.420649, 0.000000, 0.036361, 0.000000
0.162410, 0.403501, 0.151465, 0.000000
0.050402, 0.349985, 0.032398, 0.000000
0.126818, 0.227884, 0.398779, 0.000000
0.186471, 0.801236, 0.713289, 7.000000
0.146234, 0.163656, 0.147799, 0.000000
0.182784, 0.354612, 0.089260, 0.000000
0.148663, 0.167915, 0.066981, 0.000000
0.248333, 0.871202, 0.697987, 7.000000
0.258579, 0.289703, 0.216680, 0.000000
0.269404, 1.000000, 0.553753, 7.000000
0.275237, 0.152122, 0.188231, 0.000000
0.232673, 0.137055, 0.214535, 0.000000
0.891409, 0.772635, 0.179382, 9.000000
0.217521, 0.324051, 0.183921, 0.000000
0.263903, 0.144832, 0.282564, 0.000000
0.974027, 0.782930, 0.264535, 9.000000
0.293891, 0.263337, 0.308240, 0.000000
0.185881, 0.171998, 0.296211, 0.000000
0.026208, 0.230385, 0.251727, 0.000000
0.256941, 0.170947, 0.291951, 0.000000
0.169734, 0.202925, 0.179802, 0.000000
0.118848, 0.136637, 0.091791, 0.000000
0.215666, 0.278867, 0.000000, 0.000000
0.255336, 0.144951, 0.123199, 0.000000
0.169287, 0.182543, 0.313785, 0.000000
0.000000, 0.131353, 0.249048, 0.000000
0.256025, 0.207489, 0.256059, 0.000000
0.109581, 0.123028, 0.144248, 0.000000
0.234947, 0.159347, 0.162932, 0.000000
0.224754, 0.335865, 0.304261, 0.000000
0.254739, 0.269826, 0.238974, 0.000000
0.248214, 0.143517, 0.241442, 0.000000
0.090415, 0.091025, 0.181965, 0.000000
0.235436, 0.104734, 0.000000, 0.000000
0.312157, 0.267431, 1.000000, 2.000000
0.112291, 0.083757, 0.199071, 0.000000
0.276545, 0.088923, 0.219457, 0.000000
0.380303, 0.223987, 0.331666, 0.000000
0.339728, 0.165433, 0.345224, 0.000000
0.233711, 0.003104, 0.307609, 0.000000
0.174736, 0.261265, 0.275116, 0.000000
0.110961, 0.244644, 0.018891, 0.000000
0.142256, 0.175195, 0.085449, 0.000000
0.216383, 0.194301, 0.118854, 0.000000
0.141340, 0.112062, 0.121268, 0.000000
0.139337, 0.193293, 0.282588, 0.000000
0.307891, 0.311281, 0.124851, 0.000000
0.216356, 0.412944, 0.011650, 0.000000
0.055782, 0.009744, 0.082062, 0.000000
0.082207, 0.233842, 0.210658, 0.000000
0.179879, 0.134349, 0.188959, 0.000000
0.243427, 0.364371, 0.955522, 2.000000
0.123796, 0.254427, 0.000000, 0.000000
0.174317, 0.254536, 0.135113, 0.000000
0.383850, 0.229946, 0.062173, 0.000000
0.248671, 0.063809, 0.048260, 0.000000
0.253166, 0.245731, 0.034590, 0.000000
0.302682, 0.362914, 0.133027, 0.000000
0.000000, 0.079849, 0.171267, 0.000000
0.363378, 0.069173, 0.234705, 0.000000
0.275483, 0.249919, 0.000000, 0.000000
0.276041, 0.106617, 0.109192, 0.000000
0.191124, 0.000000, 0.188925, 0.000000
0.364338, 0.797702, 0.090084, 6.000000
0.225595, 0.230812, 0.248981, 0.000000
0.131780, 0.015985, 0.021982, 0.000000
0.142865, 0.183016, 0.190374, 0.000000
0.258938, 0.184007, 0.168252, 0.000000
0.278762, 0.000000, 0.286682, 0.000000
0.045698, 0.280226, 0.113031, 0.000000
0.038078, 0.140362, 0.000000, 0.000000
0.319724, 0.286787, 0.154476, 0.000000
0.338331, 0.349596, 0.078866, 0.000000
0.319999, 0.416827, 0.227580, 0.000000
0.288696, 0.335046, 0.364894, 0.000000
0.214524, 0.207754, 0.263649, 0.000000
0.220580, 0.109018, 0.237798, 0.000000
0.188422, 0.000000, 0.181533, 0.000000
0.208498, 0.228222, 0.272283, 0.000000
0.301154, 0.353739, 0.100733, 0.000000
0.078208, 0.007245, 0.379757, 0.000000
0.196583, 0.208645, 0.128319, 0.000000
0.126274, 0.150388, 0.018208, 0.000000
0.355728, 0.280187, 0.129276, 0.000000
0.172702, 0.244219, 0.396185, 0.000000
0.209490, 0.198381, 0.112968, 0.000000
0.155730, 0.258701, 0.149995, 0.000000
0.264769, 0.311377, 0.105530, 0.000000
0.101314, 0.177345, 0.220179, 0.000000
0.142022, 0.718502, 0.638145, 7.000000
0.145959, 0.138188, 0.287616, 0.000000
0.063019, 0.188409, 0.000000, 0.000000
0.262466, 0.162040, 0.176271, 0.000000
0.308331, 0.190210, 0.140777, 0.000000
0.210774, 0.006697, 0.275589, 0.000000
0.172968, 0.180070, 0.121624, 0.000000
0.175048, 0.287263, 0.134855, 0.000000
0.384195, 0.318641, 0.166395, 0.000000
0.253797, 0.074518, 0.354015, 0.000000
0.258561, 0.240293, 0.226148, 0.000000
0.288400, 0.324249, 0.162455, 0.000000
0.118616, 0.254671, 0.195368, 0.000000
0.172089, 0.235622, 0.229497, 0.000000
0.175996, 0.175466, 0.134891, 0.000000
0.240821, 0.305870, 0.207936, 0.000000
0.294734, 0.263728, 0.293897, 0.000000
0.166214, 0.297754, 0.192452, 0.000000
0.185748, 0.234834, 0.260717, 0.000000
0.074058, 0.247031, 0.169722, 0.000000
0.845096, 0.790201, 0.443852, 10.000000
0.088641, 0.059657, 0.067852, 0.000000
0.047386, 0.008782, 0.251736, 0.000000
0.054651, 0.252495, 0.070331, 0.000000
0.037260, 0.135028, 0.251443, 0.000000
0.268745, 0.009820, 0.110710, 0.000000
0.066602, 0.164471, 0.200134, 0.000000
0.742418, 0.721977, 0.251121, 9.000000
0.153510, 0.301309, 0.326194, 0.000000
0.229568, 0.311930, 0.361077, 0.000000
0.240536, 0.365099, 0.083883, 0.000000
0.248629, 0.203486, 0.199957, 0.000000
0.293849, 0.233152, 0.210909, 0.000000
0.335440, 0.290883, 0.297686, 0.000000
0.998578, 0.716245, 1.000000, 11.000000
0.158609, 0.387631, 0.317535, 0.000000
0.162016, 0.127846, 0.167762, 0.000000
0.251086, 0.328561, 0.284076, 0.000000
0.089094, 0.299289, 0.084901, 0.000000
0.367797, 0.000000, 0.141081, 0.000000
0.291894, 0.200366, 0.158643, 0.000000
0.196802, 0.117042, 0.179445, 0.000000
0.343411, 0.329493, 0.226607, 0.000000
0.158634, 0.030470, 0.187955, 0.000000
0.000000, 0.216760, 0.334239, 0.000000
0.147556, 0.000000, 0.183689, 0.000000
0.254223, 0.199383, 0.326509, 0.000000
0.255953, 0.157521, 0.160067, 0.000000
0.117104, 0.119898, 0.149517, 0.000000
0.175474, 0.109143, 0.186088, 0.000000
0.095587, 0.091671, 0.045438, 0.000000
0.333874, 0.311705, 0.251305, 0.000000
0.065046, 0.265742, 0.265502, 0.000000
0.365329, 0.139008, 0.133322, 0.000000
0.197181, 0.089406, 0.207199, 0.000000
0.012135, 0.249687, 0.206894, 0.000000
0.225521, 0.114646, 0.034016, 0.000000
0.021692, 0.144388, 0.192914, 0.000000
0.217429, 0.218841, 0.240417, 0.000000
0.236691, 0.252930, 0.207638, 0.000000
0.253410, 0.167104, 0.202065, 0.000000
0.048936, 0.082263, 0.137814, 0.000000
0.393641, 0.160238, 0.281299, 0.000000
0.110779, 0.045195, 0.204002, 0.000000
0.134200, 0.245841, 0.227435, 0.000000
0.254274, 0.350609, 0.208747, 0.000000
0.217136, 0.190922, 0.211460, 0.000000
0.264536, 0.138253, 0.336724, 0.000000
0.121228, 0.184533, 0.000000, 0.000000
0.199100, 0.260596, 0.090275, 0.000000
0.387657, 0.329495, 0.815635, 2.000000
0.199482, 0.172050, 0.237450, 0.000000
0.241699, 0.227587, 0.266479, 0.000000
0.287106, 0.106059, 0.321207, 0.000000
0.102631, 0.042985, 0.251713, 0.000000
1.000000, 0.879021, 0.498055, 9.000000
0.222882, 0.210597, 0.295920, 0.000000
0.208332, 0.061230, 0.061271, 0.000000
0.165582, 0.914753, 0.420789, 7.000000
0.151532, 0.102860, 0.178589, 0.000000
0.539779, 0.084223, 0.827513, 5.000000
0.165764, 0.057632, 0.080491, 0.000000
0.360090, 0.137752, 0.165297, 0.000000
0.229228, 0.078281, 0.136226, 0.000000
0.360392, 0.012747, 0.151167, 0.000000
0.155260, 0.361260, 0.167879, 0.000000
0.519578, 0.358154, 0.228441, 0.000000
0.179559, 0.225331, 0.320152, 0.000000
0.295021, 0.111361, 0.227602, 0.000000
0.209016, 0.152421, 0.209562, 0.000000
0.284851, 0.374938, 0.083770, 0.000000
0.165625, 0.135459, 0.269622, 0.000000
0.195100, 0.072501, 0.298204, 0.000000
0.111529, 0.157096, 0.350038, 0.000000
0.251374, 0.151973, 0.251029, 0.000000
0.414105, 0.326761, 0.033909, 0.000000
0.083632, 0.099171, 0.190450, 0.000000
0.280333, 0.186135, 0.255219, 0.000000
0.395887, 0.315897, 0.406339, 0.000000
0.280483, 0.154188, 0.198372, 0.000000
0.188569, 0.416879, 0.218283, 0.000000
0.289782, 0.062367, 0.086256, 0.000000
0.070303, 0.213476, 0.066504, 0.000000
0.118112, 0.252107, 0.210909, 0.000000
0.265372, 0.148749, 0.161610, 0.000000
0.232820, 1.000000, 0.055598, 6.000000
0.701226, 0.113586, 0.163117, 3.000000
0.140650, 0.320315, 0.075960, 0.000000
0.169815, 0.000000, 0.328909, 0.000000
0.109390, 0.073548, 0.132280, 0.000000
0.091571, 0.047233, 0.105859, 0.000000
0.114083, 0.228542, 0.110076, 0.000000
0.726053, 0.337135, 0.190140, 3.000000
0.280545, 0.237497, 0.189087, 0.000000
0.206610, 0.822766, 0.505732, 7.000000
0.301269, 0.351396, 0.168807, 0.000000
0.461030, 1.000000, 0.061742, 6.000000
0.633924, 0.292343, 0.632271, 4.000000
0.149901, 0.154601, 0.078265, 0.000000
0.127596, 0.202209, 0.084362, 0.000000
0.087061, 0.023982, 0.354682, 0.000000
0.249638, 0.020132, 0.207898, 0.000000
0.215860, 0.088940, 0.268282, 0.000000
0.252889, 0.137082, 0.299919, 0.000000
0.047832, 0.121617, 0.198857, 0.000000
0.610693, 0.095091, 0.266140, 3.000000
0.341310, 0.040899, 0.297957, 0.000000
0.360196, 0.298718, 0.248511, 0.000000
0.275691, 0.154395, 0.125152, 0.000000
0.256814, 0.060785, 0.096995, 0.000000
0.034182, 0.185657, 0.182320, 0.000000
0.046049, 0.204047, 0.299976, 0.000000
0.340647, 0.250925, 0.167629, 0.000000
0.269308, 0.238383, 0.046853, 0.000000
0.255918, 0.307618, 0.111680, 0.000000
0.295433, 0.335639, 0.117814, 0.000000
0.135881, 0.232569, 0.153050, 0.000000
0.866058, 0.890922, 0.495655, 10.000000
0.258998, 0.283767, 0.302032, 0.000000
0.172886, 0.071753, 0.134085, 0.000000
0.334903, 0.285361, 0.065930, 0.000000
0.142389, 0.057388, 0.041345, 0.000000
0.199219, 0.078848, 0.246028, 0.000000
0.066532, 0.258439, 0.144157, 0.000000
0.252983, 0.300124, 0.137630, 0.000000
0.340263, 0.103419, 0.189978, 0.000000
0.166119, 0.118915, 0.202155, 0.000000
0.117107, 0.041642, 0.166250, 0.000000
0.160586, 0.240722, 0.268717, 0.000000
0.144219, 0.174217, 0.191092, 0.000000
0.253102, 0.226507, 0.222150, 0.000000
0.208933, 0.772872, 0.770853, 8.000000
0.274083, 0.203498, 0.066406, 0.000000
0.945002, 0.881092, 0.841124, 11.000000
0.247791, 0.139821, 0.177201, 0.000000
0.283220, 0.951841, 0.278419, 6.000000
0.091280, 0.098427, 0.130858, 0.000000
0.099118, 0.339156, 0.133395, 0.000000
0.302345, 0.190519, 0.252188, 0.000000
0.194354, 0.332676, 0.221047, 0.000000
0.218698, 0.144820, 0.134998, 0.000000
0.091010, 0.045765, 0.152217, 0.000000
0.139822, 0.127800, 0.185315, 0.000000
0.133314, 0.154037, 0.354973, 0.000000
0.151743, 0.277975, 0.000000, 0.000000
0.234562, 0.874583, 0.967826, 8.000000
0.213656, 0.336704, 0.035505, 0.000000
0.317375, 0.259765, 0.025782, 0.000000
0.240730, 0.090858, 0.284794, 0.000000
0.120491, 0.465082, 0.267266, 0.000000
0.103866, 0.316438, 0.099633, 0.000000
0.267508, 0.165164, 0.122534, 0.000000
0.002548, 0.115977, 0.180075, 0.000000
0.289797, 0.300035, 0.289661, 0.000000
0.220526, 0.150301, 0.000000, 0.000000
0.191174, 0.255569, 0.360773, 0.000000
0.085338, 0.245573, 0.100168, 0.000000
0.000000, 0.220709, 0.238359, 0.000000
0.135405, 0.184144, 0.297387, 0.000000
0.273387, 0.184932, 0.452232, 0.000000
0.042555, 0.264135, 0.302570, 0.000000
0.192584, 0.056967, 0.158403, 0.000000
0.294561, 0.733331, 0.555155, 7.000000
0.231450, 0.185373, 0.101024, 0.000000
0.263759, 0.266455, 0.271308, 0.000000
0.054144, 0.121874, 0.274727, 0.000000
0.783195, 0.324356, 0.495024, 4.000000
0.193546, 0.190801, 0.243923, 0.000000
0.196930, 0.217173, 0.182283, 0.000000
0.044167, 0.232302, 0.257328, 0.000000
0.352250, 0.181215, 0.257284, 0.000000
0.109931, 0.207589, 0.250864, 0.000000
0.220067, 0.216959, 0.207929, 0.000000
0.238279, 0.183903, 0.267526, 0.000000
0.145116, 0.106637, 0.059055, 0.000000
0.545817, 0.292043, 0.635830, 4.000000
0.208926, 0.176631, 0.037795, 0.000000
0.195738, 0.384397, 0.242826, 0.000000
0.256369, 0.107306, 0.255873, 0.000000
0.303947, 0.148118, 0.000000, 0.000000
0.144715, 0.166226, 0.281770, 0.000000
0.207455, 0.065467, 0.299770, 0.000000
0.269714, 0.346336, 0.000000, 0.000000
0.152990, 0.282684, 0.344068, 0.000000
0.197136, 0.293329, 0.254136, 0.000000
0.308192, 0.112504, 0.142529, 0.000000
0.059533, 0.302719, 0.278394, 0.000000
0.138180, 0.170594, 0.030738, 0.000000
0.281358, 0.356184, 0.182831, 0.000000
0.088959, 0.879511, 0.592687, 7.000000
0.048960, 0.279832, 0.265847, 0.000000
0.057187, 0.304541, 0.419731, 0.000000
0.108147, 0.320189, 0.096954, 0.000000
0.141109, 0.377696, 0.080012, 0.000000
0.110943, 0.090509, 0.233157, 0.000000
0.139899, 0.209523, 0.275191, 0.000000
0.061139, 0.204576, 0.121033, 0.000000
0.195695, 0.192761, 0.237062, 0.000000
0.030156, 0.144331, 0.075118, 0.000000
0.303456, 0.209190, 0.326278, 0.000000
0.175424, 0.131743, 0.284414, 0.000000
0.726591, 0.866366, 0.588708, 10.000000
0.144988, 0.371592, 0.138999, 0.000000
0.203402, 0.108743, 0.277834, 0.000000
0.077754, 0.089950, 0.281508, 0.000000
0.158823, 0.203826, 0.319672, 0.000000
0.227392, 0.262344, 0.149789, 0.000000
0.175425, 0.298482, 0.240759, 0.000000
0.443596, 0.162181, 0.326657, 0.000000
0.280847, 0.100963, 0.241961, 0.000000
0.200163, 0.239403, 0.162411, 0.000000
0.227781, 0.253753, 0.119936, 0.000000
0.137596, 0.936635, 0.266727, 6.000000
0.161947, 0.447662, 0.293978, 0.000000
0.156043, 0.267003, 0.078401, 0.000000
0.331978, 0.188162, 0.186301, 0.000000
0.181336, 0.117073, 0.345066, 0.000000
0.295726, 0.162207, 0.285037, 0.000000
0.242400, 0.346160, 0.259031, 0.000000
0.261614, 0.832401, 0.909923, 8.000000
0.304180, 0.296205, 0.064474, 0.000000
0.160967, 0.351996, 0.329616, 0.000000
0.110545, 0.112158, 0.000000, 0.000000
0.054776, 0.301222, 0.239699, 0.000000
0.230735, 0.271256, 0.061750, 0.000000
0.264425, 0.251570, 0.148905, 0.000000
0.240896, 0.261377, 0.091842, 0.000000
0.031162, 0.197204, 0.152712, 0.000000
0.120093, 0.490018, 0.103681, 0.000000
0.233449, 0.235025, 0.046388, 0.000000
0.224714, 0.081272, 0.109417, 0.000000
0.209653, 0.322410, 0.088627, 0.000000
0.194407, 0.197418, 0.054626, 0.000000
0.152724, 0.809070, 0.521542, 7.000000
0.237725, 0.177145, 0.317915, 0.000000
0.271576, 0.277142, 0.070301, 0.000000
0.237013, 0.114520, 0.142956, 0.000000
0.326453, 0.247780, 0.240242, 0.000000
0.220213, 0.258491, 0.078419, 0.000000
0.217129, 0.108998, 0.299622, 0.000000
0.128123, 0.202699, 0.316673, 0.000000
0.027465, 0.184180, 0.171522, 0.000000
0.463773, 0.155595, 0.150616, 0.000000
0.253735, 0.001031, 0.251427, 0.000000
0.025329, 0.057253, 0.138261, 0.000000
0.330333, 0.174345, 0.163075, 0.000000
0.080441, 0.241732, 0.187336, 0.000000
0.188595, 0.197121, 0.161797, 0.000000
0.247112, 0.259037, 0.360571, 0.000000
0.144087, 0.131757, 0.242007, 0.000000
0.864309, 0.791898, 0.871602, 11.000000
0.190854, 0.851851, 0.745843, 7.000000
0.208705, 0.000000, 0.164480, 0.000000
0.284975, 0.336823, 0.205922, 0.000000
0.378844, 0.261349, 0.215496, 0.000000
0.321033, 0.265205, 0.193454, 0.000000
0.195451, 0.218313, 0.139845, 0.000000
0.075223, 0.115524, 0.172888, 0.000000
0.059968, 0.334009, 0.170561, 0.000000
0.257918, 0.146683, 0.388493, 0.000000
0.361169, 0.311798, 0.159165, 0.000000
0.166346, 0.345124, 0.224579, 0.000000
0.843148, 0.982500, 0.906178, 11.000000
0.254680, 0.311441, 0.184489, 0.000000
0.275846, 0.133530, 0.382477, 0.000000
0.220741, 0.049356, 0.355865, 0.000000
0.199373, 0.015484, 0.080169, 0.000000
0.607264, 0.259598, 0.350275, 3.000000
0.271519, 0.000747, 0.278244, 0.000000
0.351001, 0.016315, 0.067766, 0.000000
0.273847, 0.478113, 0.378122, 0.000000
0.249707, 0.228727, 0.197596, 0.000000
0.151309, 0.227418, 0.310757, 0.000000
0.237680, 0.367716, 0.129055, 0.000000
0.756909, 0.133708, 0.972694, 5.000000
0.211437, 0.203516, 0.179388, 0.000000
0.181551, 0.252757, 0.176663, 0.000000
0.102887, 0.124183, 0.212462, 0.000000
0.000000, 0.201862, 0.059562, 0.000000
0.053812, 0.302824, 0.146620, 0.000000
0.768889, 0.355815, 0.507939, 4.000000
0.200889, 0.254989, 0.328587, 0.000000
0.148417, 0.235375, 0.189699, 0.000000
0.058838, 0.197962, 0.402713, 0.000000
0.105908, 0.217898, 0.255000, 0.000000
0.255198, 0.098687, 0.216529, 0.000000
0.645923, 0.302010, 0.925084, 5.000000
0.886295, 0.943186, 0.406874, 10.000000
0.354765, 0.229995, 0.259081, 0.000000
0.169937, 0.168511, 0.373237, 0.000000
0.175003, 0.270565, 0.107455, 0.000000
0.141515, 0.000000, 0.334881, 0.000000
0.244375, 0.789517, 0.425669, 7.000000
0.198917, 0.205052, 0.292209, 0.000000
0.053094, 0.138034, 0.219958, 0.000000
0.172763, 0.021253, 0.101781, 0.000000
0.260868, 0.238843, 0.202348, 0.000000
0.207511, 0.283035, 0.180612, 0.000000
0.223003, 0.182192, 0.338369, 0.000000
0.190056, 0.428188, 0.250260, 0.000000
0.000000, 0.227796, 0.254243, 0.000000
0.174806, 0.258920, 0.073697, 0.000000
0.273332, 0.773327, 0.289212, 6.000000
0.052727, 0.272572, 0.301877, 0.000000
0.092919, 0.172691, 0.289191, 0.000000
0.372752, 0.142463, 0.270837, 0.000000
0.229372, 0.184655, 0.067237, 0.000000
0.270976, 0.312033, 0.165155, 0.000000
0.127926, 0.265158, 0.226880, 0.000000
0.259024, 0.140028, 0.214663, 0.000000
0.171412, 0.264827, 0.163260, 0.000000
0.146805, 0.131586, 0.328830, 0.000000
0.278724, 0.239383, 0.160633, 0.000000
0.082603, 0.067849, 0.211669, 0.000000
0.157053, 0.137687, 0.225247, 0.000000
0.314066, 0.231717, 0.151648, 0.000000
0.163449, 0.127809, 0.358728, 0.000000
0.237379, 0.155377, 0.306610, 0.000000
0.308996, 0.111708, 0.306274, 0.000000
0.133074, 0.282247, 0.157771, 0.000000
0.142591, 0.253754, 0.127792, 0.000000
0.171310, 0.288436, 0.132058, 0.000000
0.198348, 0.168956, 0.232335, 0.000000
0.113239, 0.270349, 0.075004, 0.000000
0.346638, 0.406081, 0.326314, 0.000000
0.215888, 0.341826, 0.191276, 0.000000
0.246567, 0.907899, 0.554298, 7.000000
0.140318, 0.175812, 0.005125, 0.000000
0.283128, 0.160787, 0.218208, 0.000000
0.114934, 0.095633, 0.275929, 0.000000
0.330405, 0.283851, 0.229750, 0.000000
0.268578, 0.255992, 0.304109, 0.000000
0.361705, 0.326541, 0.133639, 0.000000
0.123225, 0.267953, 0.091117, 0.000000
0.339522, 0.115187, 0.267570, 0.000000
0.176140, 0.266581, 0.120589, 0.000000
0.019511, 0.088421, 0.146859, 0.000000
0.288705, 0.181270, 0.256845, 0.000000
0.111793, 0.049721, 0.148481, 0.000000
0.061199, 0.265047, 0.261876, 0.000000
0.357894, 0.267801, 0.297048, 0.000000
0.604543, 0.143256, 0.506113, 4.000000
0.190571, 0.245703, 0.251733, 0.000000
0.388852, 0.229369, 0.282338, 0.000000
0.156392, 0.377909, 0.165501, 0.000000
0.219392, 0.265039, 0.236646, 0.000000
0.139953, 0.209711, 0.026512, 0.000000
0.237945, 0.049350, 0.091004, 0.000000
0.256549, 0.178152, 0.187405, 0.000000
0.279040, 0.220950, 0.317946, 0.000000
0.329593, 0.265670, 0.158034, 0.000000
0.248567, 0.146897, 0.215105, 0.000000
0.227307, 0.084502, 0.081642, 0.000000
0.172454, 0.117440, 0.046422, 0.000000
0.112764, 0.155806, 0.160954, 0.000000
0.222844, 0.213540, 0.124672, 0.000000
0.143423, 0.266856, 0.247180, 0.000000
0.000000, 0.275162, 0.132526, 0.000000
0.128418, 0.131090, 0.328571, 0.000000
0.213615, 0.171709, 0.258691, 0.000000
0.261989, 0.238624, 0.129579, 0.000000
0.277354, 0.043880, 0.206415, 0.000000
0.235298, 0.260483, 0.139441, 0.000000
0.112188, 0.273655, 0.171321, 0.000000
0.143351, 0.080618, 0.110367, 0.000000
0.276849, 0.063521, 0.000000, 0.000000
0.073497, 0.111385, 0.368197, 0.000000
0.228236, 0.222665, 0.408789, 0.000000
0.264700, 0.164203, 0.177224, 0.000000
0.280843, 0.229416, 0.177534, 0.000000
0.249764, 0.297467, 0.219134, 0.000000
0.085710, 0.068251, 0.226862, 0.000000
0.143858, 0.146290, 0.272904, 0.000000
0.307671, 0.084501, 0.156812, 0.000000
0.252850, 0.194062, 0.295678, 0.000000
0.075657, 0.344027, 0.169255, 0.000000
0.192863, 0.230491, 0.102622, 0.000000
0.852246, 0.910244, 0.237964, 9.000000
0.156688, 0.171366, 0.301441, 0.000000
0.073004, 0.223389, 0.188453, 0.000000
0.282911, 0.306273, 0.095796, 0.000000
0.000000, 0.291663, 0.391769, 0.000000
0.201410, 0.171411, 0.258370, 0.000000
0.212565, 0.169993, 0.271573, 0.000000
0.288884, 0.126888, 0.202171, 0.000000
0.341454, 0.325908, 0.244911, 0.000000
0.801173, 0.047646, 0.535306, 4.000000
0.231503, 0.000000, 0.197857, 0.000000
0.122365, 0.114121, 0.172491, 0.000000
0.367305, 0.305547, 0.120114, 0.000000
0.115630, 0.098472, 0.136493, 0.000000
0.113739, 0.314288, 0.241841, 0.000000
0.241196, 0.334857, 0.002568, 0.000000
0.080787, 0.142749, 0.363970, 0.000000
0.212732, 0.114252, 0.333849, 0.000000
0.148960, 0.216522, 0.009909, 0.000000
0.205997, 0.000000, 0.294472, 0.000000
0.167668, 0.083913, 0.201063, 0.000000
0.312255, 0.290304, 0.239950, 0.000000
0.628840, 0.174732, 0.642734, 4.000000
0.829466, 1.000000, 0.772355, 11.000000
0.258617, 0.292124, 0.141193, 0.000000
0.109267, 0.251853, 0.181983, 0.000000
0.195551, 0.214025, 0.063462, 0.000000
0.331842, 0.297698, 0.216998, 0.000000
0.206626, 0.101362, 0.200471, 0.000000
0.109146, 0.182870, 0.220407, 0.000000
0.245697, 0.287982, 0.093768, 0.000000
0.122363, 0.899723, 0.518406, 7.000000
0.240001, 0.322537, 0.116474, 0.000000
0.199187, 0.397449, 0.291493, 0.000000
0.176026, 0.218849, 0.398873, 0.000000
0.153134, 0.152389, 0.000000, 0.000000
0.013445, 0.215895, 0.364723, 0.000000
0.000000, 0.160097, 0.000000, 0.000000
0.161122, 0.190207, 0.263811, 0.000000
0.027035, 0.210517, 0.041335, 0.000000
0.235755, 0.000000, 0.327920, 0.000000
0.149102, 0.316848, 0.176717, 0.000000
0.220117, 0.019664, 0.250508, 0.000000
0.189979, 0.127457, 0.257334, 0.000000
0.028274, 0.175464, 0.073702, 0.000000
0.233569, 0.212076, 0.232897, 0.000000
0.422346, 0.269835, 0.000000, 0.000000
0.363240, 0.315395, 0.417056, 0.000000
0.160950, 0.070975, 0.133759, 0.000000
0.250272, 0.324904, 0.147289, 0.000000
0.357019, 0.227058, 0.287302, 0.000000
0.003581, 0.078202, 0.342896, 0.000000
0.354705, 0.080350, 0.255010, 0.000000
0.207422, 0.143037, 0.226712, 0.000000
0.192112, 0.821934, 0.446313, 7.000000
0.109804, 0.194493, 0.305757, 0.000000
0.079216, 0.147661, 0.090411, 0.000000
0.230801, 0.205690, 0.088428, 0.000000
0.632894, 0.079810, 0.647696, 4.000000
0.190302, 0.237596, 0.320648, 0.000000
0.271251, 0.024727, 0.390987, 0.000000
1.000000, 0.827761, 0.964571, 11.000000
0.150227, 0.273700, 0.252686, 0.000000
0.088491, 0.125862, 0.200577, 0.000000
0.305831, 0.157873, 0.007652, 0.000000
0.090190, 0.287579, 0.282860, 0.000000
0.060577, 0.265432, 0.300428, 0.000000
0.277060, 0.173690, 0.150539, 0.000000
0.322945, 0.293536, 0.023041, 0.000000
0.365656, 0.260353, 0.146610, 0.000000
0.348853, 0.347871, 0.000000, 0.000000
0.287209, 0.191077, 0.203331, 0.000000
0.082356, 0.127843, 0.236535, 0.000000
0.244656, 0.342211, 0.180628, 0.000000
0.177775, 0.116857, 0.243037, 0.000000
0.214824, 0.272042, 0.173062, 0.000000
0.292559, 0.184601, 0.137849, 0.000000
0.091027, 0.099555, 0.135204, 0.000000
0.883481, 0.722001, 0.836942, 11.000000
0.231194, 0.909598, 0.587152, 7.000000
0.126355, 0.109134, 0.234135, 0.000000
0.311055, 0.191141, 0.241302, 0.000000
0.221379, 0.109915, 0.358887, 0.000000
0.312762, 0.041484, 0.273198, 0.000000
0.217550, 0.172346, 0.029208, 0.000000
0.121637, 0.419331, 0.356064, 0.000000
0.130672, 0.036820, 0.238092, 0.000000
0.355969, 0.326855, 0.191665, 0.000000
0.179760, 0.335096, 0.180796, 0.000000
0.120609, 0.234661, 0.159743, 0.000000
0.146654, 0.040641, 0.324455, 0.000000
0.178905, 0.310652, 0.227271, 0.000000
0.215375, 0.394499, 0.215138, 0.000000
0.243158, 0.042753, 0.320743, 0.000000
0.318003, 0.226248, 0.192294, 0.000000
0.215686, 0.049940, 0.396203, 0.000000
0.162249, 0.190115, 0.247104, 0.000000
0.188379, 0.000000, 0.421469, 1.000000
0.064863, 0.278971, 0.228248, 0.000000
0.170405, 0.101341, 0.043358, 0.000000
0.032833, 0.181698, 0.166349, 0.000000
0.164669, 0.195781, 0.352465, 0.000000
0.087427, 0.161983, 0.181660, 0.000000
0.332781, 0.169470, 0.211839, 0.000000
0.107272, 0.253015, 0.080502, 0.000000
0.279246, 0.075813, 0.260558, 0.000000
0.268595, 0.192675, 0.248876, 0.000000
0.338160, 0.166558, 0.274503, 0.000000
0.340983, 0.304101, 0.039140, 0.000000
0.115608, 0.400182, 0.135030, 0.000000
0.290979, 0.396505, 0.210534, 0.000000
0.000000, 0.257521, 0.106705, 0.000000
0.099228, 0.262396, 0.114477, 0.000000
0.233161, 0.195859, 0.297177, 0.000000
0.069468, 0.392861, 0.064703, 0.000000
0.117148, 0.153767, 0.116109, 0.000000
0.247239, 0.293443, 0.127046, 0.000000
0.088541, 0.138262, 0.051323, 0.000000
0.216924, 0.189752, 0.234606, 0.000000
0.155014, 0.285011, 0.301752, 0.000000
0.225084, 0.283196, 0.258727, 0.000000
0.197358, 0.027318, 0.000000, 0.000000
0.114431, 0.142963, 0.214807, 0.000000
0.321335, 0.210116, 0.125453, 0.000000
0.251540, 0.195059, 0.393396, 0.000000
0.291622, 0.187154, 0.367021, 0.000000
0.315951, 0.253926, 0.259341, 0.000000
0.123229, 0.275331, 0.059525, 0.000000
0.996235, 0.959431, 0.230300, 9.000000
0.138418, 0.254056, 0.119681, 0.000000
0.245979, 0.284755, 0.224772, 0.000000
0.099669, 0.109527, 0.349481, 1.000000
0.206478, 0.235989, 0.045653, 0.000000
0.682296, 0.035766, 0.047856, 3.000000
0.084208, 0.213018, 0.167601, 0.000000
0.274211, 0.028833, 0.000000, 0.000000
0.063592, 0.216752, 0.294513, 0.000000
0.192909, 0.364767, 0.184152, 0.000000
0.137047, 0.201515, 0.297397, 0.000000
0.396584, 0.204513, 0.289286, 0.000000
0.050876, 0.151629, 0.410488, 0.000000
0.239001, 0.315967, 0.101808, 0.000000
0.101414, 0.206832, 0.297558, 0.000000
0.389756, 0.253138, 0.319144, 0.000000
0.083476, 0.218032, 0.254205, 0.000000
0.422400, 0.245032, 0.643824, 1.000000
0.000000, 0.131129, 0.000000, 0.000000
0.048570, 0.192250, 0.058986, 0.000000
0.890497, 0.750245, 0.657544, 10.000000
0.308506, 0.196070, 0.112435, 0.000000
0.939146, 0.911204, 0.443597, 10.000000
0.166528, 0.111878, 0.079945, 0.000000
0.150805, 0.046074, 0.261622, 0.000000
0.254391, 0.116182, 0.279741, 0.000000
0.244282, 0.310080, 0.249891, 0.000000
0.027911, 0.043838, 0.880687, 2.000000
0.000000, 0.264103, 0.368740, 0.000000
0.262322, 0.179803, 0.152104, 0.000000
0.000000, 0.286177, 0.249790, 0.000000
0.208808, 0.087058, 0.259913, 0.000000
0.091153, 0.277053, 0.327885, 0.000000
0.146022, 0.394285, 0.157104, 0.000000
0.061888, 0.202659, 0.271132, 0.000000
0.247873, 0.000000, 0.157560, 0.000000
0.143226, 0.018106, 0.268882, 0.000000
0.823917, 0.210249, 0.848446, 5.000000
0.095683, 0.183806, 0.174943, 0.000000
0.093871, 0.111371, 0.316630, 0.000000
0.371779, 0.092139, 0.102835, 0.000000
0.658093, 0.290464, 0.275070, 3.000000
0.131084, 0.155253, 0.156523, 0.000000
0.246673, 0.141887, 0.079726, 0.000000
0.194489, 0.322604, 0.169265, 0.000000
0.271546, 0.302353, 0.186008, 0.000000
0.156166, 0.000000, 0.151177, 0.000000
0.302272, 0.393129, 0.117632, 0.000000
0.144671, 0.206437, 0.242174, 0.000000
0.253053, 0.778626, 0.074592, 6.000000
0.212184, 0.746730, 0.855651, 8.000000
1.000000, 0.778597, 0.215064, 9.000000
0.016150, 0.192409, 0.246070, 0.000000
0.376075, 0.052013, 0.154223, 0.000000
0.110695, 0.267436, 0.259590, 0.000000
0.255683, 0.254427, 0.352120, 0.000000
0.335471, 0.303492, 0.220169, 0.000000
0.651353, 0.434021, 0.494818, 4.000000
0.174511, 0.189994, 0.176580, 0.000000
0.109384, 0.079312, 0.351943, 0.000000
0.056197, 0.236300, 0.308015, 0.000000
0.169075, 0.091568, 0.162709, 0.000000
0.358017, 0.187374, 0.172272, 0.000000
0.348236, 0.243054, 0.252366, 0.000000
0.047381, 0.262711, 0.162416, 0.000000
0.236638, 0.135320, 0.272229, 0.000000
0.665482, 0.188912, 0.198709, 3.000000
0.109440, 0.351494, 0.086833, 0.000000
0.135878, 0.807035, 0.741230, 8.000000
0.065350, 0.339641, 0.283320, 0.000000
0.382997, 0.195128, 0.083802, 0.000000
0.375663, 0.195061, 0.180733, 0.000000
0.620347, 0.180739, 1.000000, 5.000000
0.134895, 0.226430, 0.231198, 0.000000
0.143531, 0.236322, 0.317455, 0.000000
0.214163, 0.207293, 0.203609, 0.000000
0.188295, 0.202510, 0.274363, 0.000000
0.237842, 0.289933, 0.160779, 0.000000
0.141461, 0.297977, 0.140328, 0.000000
0.184833, 0.106403, 0.132404, 0.000000
0.135691, 0.231881, 0.160937, 0.000000
0.198608, 0.747800, 0.601682, 7.000000
0.183159, 0.099884, 0.122482, 0.000000
0.510114, 0.125759, 0.248856, 0.000000
0.269939, 0.277419, 0.044732, 0.000000
0.177730, 0.035257, 0.335304, 0.000000
0.140132, 0.148664, 0.477406, 0.000000
0.117218, 0.266700, 0.009862, 0.000000
0.263328, 0.794010, 0.121339, 6.000000
0.046958, 0.143907, 0.217153, 0.000000
0.090442, 0.173862, 0.184200, 0.000000
0.113059, 0.032101, 0.416540, 0.000000
0.198786, 0.294494, 0.248666, 0.000000
0.278042, 0.287117, 0.331120, 0.000000
0.366068, 0.412157, 0.246353, 0.000000
0.220432, 0.321546, 0.165225, 0.000000
0.148336, 0.193604, 0.252973, 0.000000
0.159642, 0.244600, 0.227882, 0.000000
0.115693, 0.105151, 0.234778, 0.000000
0.180449, 0.244215, 0.248910, 0.000000
0.028441, 0.134379, 0.119454, 0.000000
0.046078, 0.857689, 0.886783, 8.000000
0.209847, 0.122484, 0.231414, 0.000000
0.373441, 0.301572, 0.214058, 0.000000
0.202553, 0.205211, 0.220135, 0.000000
0.247781, 0.166055, 0.243902, 0.000000
0.262006, 0.287356, 0.112453, 0.000000
0.000000, 0.395532, 0.058807, 0.000000
0.008527, 0.217733, 0.183621, 0.000000
0.010548, 0.085751, 0.348301, 0.000000
0.193625, 0.778088, 0.968738, 8.000000
0.243807, 0.079864, 0.094738, 0.000000
0.155027, 0.249333, 0.208721, 0.000000
0.068093, 0.305773, 0.167422, 0.000000
0.183104, 0.079565, 0.119650, 0.000000
0.372366, 0.222423, 0.178361, 0.000000
0.266696, 0.097098, 0.306441, 0.000000
0.187472, 0.099818, 0.265033, 0.000000
0.066888, 0.050596, 0.188734, 0.000000
0.183250, 0.985511, 0.108145, 6.000000
0.000000, 0.195085, 0.375150, 0.000000
0.259274, 0.123968, 0.050578, 0.000000
0.408372, 0.173033, 0.271784, 0.000000
0.127757, 0.107460, 0.102489, 0.000000
0.237862, 0.097135, 0.297470, 0.000000
0.192697, 0.238642, 0.127519, 0.000000
0.210510, 0.240965, 0.230247, 0.000000
0.171757, 0.237605, 0.110803, 0.000000
0.101624, 0.309782, 0.283675, 0.000000
0.134952, 0.258982, 0.274993, 0.000000
0.184896, 0.200850, 0.377524, 0.000000
0.308302, 0.171524, 0.319141, 0.000000
0.391760, 0.292447, 0.366497, 0.000000
0.300460, 0.167242, 0.256275, 0.000000
0.235353, 0.355050, 0.142863, 0.000000
0.041671, 0.000000, 0.083390, 0.000000
0.112840, 0.229623, 0.191357, 0.000000
0.317567, 0.155559, 0.295873, 0.000000
0.353724, 0.234074, 0.289398, 0.000000
0.129440, 0.318728, 0.320602, 0.000000
0.197591, 0.219817, 0.140683, 0.000000
0.157812, 0.378042, 0.061157, 0.000000
0.146122, 0.194762, 0.353137, 0.000000
0.215915, 0.274995, 0.284274, 0.000000
0.362252, 0.106930, 0.292923, 0.000000
0.210429, 0.124584, 0.194202, 0.000000
0.167973, 0.136717, 0.261970, 0.000000
0.102523, 0.248198, 0.000000, 0.000000
0.052935, 0.077953, 0.680628, 1.000000
0.205611, 0.188441, 0.274671, 0.000000
0.303380, 0.135489, 0.085615, 0.000000
0.200289, 0.424514, 0.249256, 0.000000
0.104138, 0.154570, 0.358887, 0.000000
0.211304, 0.235502, 1.000000, 2.000000
0.043861, 0.319782, 0.385152, 0.000000
0.824451, 0.000000, 0.857266, 5.000000
0.372119, 0.198605, 0.383088, 0.000000
0.345610, 0.291713, 0.213951, 0.000000
0.184129, 0.324058, 0.312906, 0.000000
0.164399, 0.302691, 0.331075, 0.000000
0.000000, 0.262649, 0.205234, 0.000000
0.252885, 0.137516, 0.158431, 0.000000
0.148496, 0.159158, 0.349686, 0.000000
0.255543, 0.102307, 0.345074, 0.000000
0.127552, 0.077410, 0.269323, 0.000000
0.214071, 0.117514, 0.184522, 0.000000
0.183831, 0.163439, 0.106402, 0.000000
0.318936, 0.133350, 0.135731, 0.000000
0.184063, 0.136445, 0.000000, 0.000000
0.064694, 0.178171, 0.254007, 0.000000
0.288990, 0.184772, 0.185347, 0.000000
0.301094, 0.340359, 0.245120, 0.000000
0.241405, 0.271912, 0.072963, 0.000000
0.160082, 0.091307, 0.217627, 0.000000
0.378290, 0.203565, 0.176528, 0.000000
0.371734, 0.196825, 0.364079, 0.000000
0.249199, 0.390839, 0.314479, 0.000000
0.135108, 0.216253, 0.213545, 0.000000
0.259217, 0.166856, 0.256879, 0.000000
0.260888, 0.372290, 0.196550, 0.000000
0.375019, 0.311605, 0.252700, 0.000000
0.205273, 0.217766, 0.185880, 0.000000
0.312358, 0.942229, 0.835629, 8.000000
0.159972, 0.151909, 0.260106, 0.000000
0.211631, 0.161248, 0.186484, 0.000000
0.305297, 0.227939, 0.143907, 0.000000
0.305800, 0.183241, 0.169600, 0.000000
0.344193, 0.292810, 0.208743, 0.000000
0.021919, 0.186608, 0.282554, 0.000000
0.197341, 0.128004, 0.351695, 0.000000
0.294600, 0.158152, 0.020902, 0.000000
0.260535, 0.839217, 0.884731, 8.000000
0.000325, 0.019423, 0.077812, 0.000000
0.214379, 0.065949, 0.092711, 0.000000
0.331180, 0.202679, 0.270774, 0.000000
0.141918, 0.197862, 0.260098, 0.000000
0.621441, 0.138228, 0.913064, 5.000000
0.032667, 0.160359, 0.204727, 0.000000
1.000000, 0.766031, 0.431496, 10.000000
0.714234, 0.884808, 0.597509, 10.000000
0.182335, 0.301733, 0.160237, 0.000000
0.132629, 0.039782, 0.185283, 0.000000
0.511754, 0.076057, 0.356188, 0.000000
0.283495, 0.829445, 0.877931, 8.000000
0.176519, 0.195617, 0.335016, 0.000000
0.297305, 0.327159, 0.149789, 0.000000
0.204594, 0.334473, 0.000000, 0.000000
0.264460, 0.351404, 0.020277, 0.000000
0.182975, 0.128278, 0.283325, 0.000000
0.438060, 0.162499, 0.236060, 0.000000
0.000000, 0.211909, 0.160914, 0.000000
0.284971, 0.271404, 0.242625, 0.000000
0.142036, 0.199705, 0.356516, 0.000000
