0.844876, 0.033462, 6.000000
0.424248, 0.254008, 5.000000
0.410936, 0.448290, 6.000000
0.401712, 0.051689, 3.000000
0.678996, 0.976480, 9.000000
0.377870, 0.077792, 3.000000
0.690420, 0.339712, 7.000000
0.090175, 0.217851, 2.000000
0.869883, 0.154429, 7.000000
0.781002, 0.309583, 8.000000
0.386202, 0.010543, 2.000000
0.518170, 0.409813, 6.000000
0.725398, 0.042890, 5.000000
0.042613, 0.051392, 0.000000
0.909437, 0.524571, 9.000000
0.322936, 0.042544, 2.000000
0.721452, 0.167879, 6.000000
0.446435, 0.130086, 4.000000
0.194930, 0.394992, 4.000000
0.340440, 0.359104, 5.000000
0.575354, 0.294067, 6.000000
0.008128, 0.125617, 1.000000
0.306519, 0.256397, 4.000000
0.069243, 0.720276, 5.000000
0.306713, 0.658768, 7.000000
0.666344, 0.464459, 8.000000
0.355418, 0.378247, 5.000000
0.351713, 0.185597, 4.000000
0.993526, 0.872796, 9.000000
0.869917, 0.157957, 7.000000
0.025012, 0.241598, 1.000000
0.731284, 0.459525, 8.000000
0.033808, 0.500999, 4.000000
0.025008, 0.124089, 1.000000
0.914035, 0.097190, 7.000000
0.747356, 0.651144, 9.000000
0.288532, 0.138029, 3.000000
0.445676, 0.251297, 5.000000
0.574780, 0.760035, 9.000000
0.152517, 0.423657, 4.000000
0.455373, 0.511668, 7.000000
0.276706, 0.652815, 6.000000
0.378540, 0.327449, 5.000000
0.610506, 0.458849, 8.000000
0.219492, 0.376607, 4.000000
0.908701, 0.085072, 7.000000
0.886035, 0.985905, 9.000000
0.943249, 0.619354, 9.000000
0.324172, 0.947558, 9.000000
0.018594, 0.085385, 0.000000
0.916314, 0.000511, 6.000000
0.110058, 0.985065, 8.000000
0.332931, 0.772582, 8.000000
0.530056, 0.844130, 9.000000
0.315313, 0.222577, 4.000000
0.266907, 0.084153, 2.000000
0.053296, 0.121725, 1.000000
0.276613, 0.079361, 2.000000
0.932027, 0.562019, 9.000000
0.291394, 0.363925, 4.000000
0.896182, 0.268086, 8.000000
0.309919, 0.306691, 4.000000
0.790481, 0.420444, 9.000000
0.309482, 0.030008, 2.000000
0.400567, 0.036408, 3.000000
0.076789, 0.095791, 1.000000
0.629187, 0.584331, 9.000000
0.015537, 0.338076, 2.000000
0.095472, 0.275916, 2.000000
0.174576, 0.155386, 2.000000
0.885648, 0.121291, 7.000000
0.007221, 0.640660, 4.000000
0.003618, 0.031360, 0.000000
0.112932, 0.043941, 1.000000
0.074194, 0.319302, 2.000000
0.547144, 0.359845, 6.000000
0.400223, 0.580377, 7.000000
0.038203, 0.010154, 0.000000
0.182483, 0.968074, 8.000000
0.265402, 0.272895, 4.000000
0.330666, 0.005406, 2.000000
0.422564, 0.274469, 5.000000
0.782363, 0.244602, 7.000000
0.361677, 0.091841, 3.000000
0.432102, 0.427658, 6.000000
0.025311, 0.079411, 0.000000
0.054987, 0.098767, 1.000000
0.393372, 0.541227, 7.000000
0.990000, 0.553455, 9.000000
0.211253, 0.880617, 8.000000
0.102770, 0.630707, 5.000000
0.619331, 0.453781, 8.000000
0.066298, 0.048826, 0.000000
0.106388, 0.123106, 1.000000
0.376464, 0.047933, 3.000000
0.007742, 0.455782, 3.000000
0.004068, 0.201401, 1.000000
0.513931, 0.208925, 5.000000
0.453734, 0.556152, 7.000000
0.712717, 0.210300, 6.000000
0.040689, 0.079821, 0.000000
0.246636, 0.516034, 5.000000
0.865078, 0.039746, 6.000000
0.556864, 0.211689, 5.000000
0.089639, 0.003848, 0.000000
0.680859, 0.543103, 9.000000
0.549302, 0.027998, 4.000000
0.618343, 0.138621, 5.000000
0.046323, 0.140321, 1.000000
0.494985, 0.306331, 6.000000
0.074252, 0.121816, 1.000000
0.210839, 0.795972, 7.000000
0.212447, 0.876887, 8.000000
0.561350, 0.342904, 6.000000
0.302162, 0.694539, 7.000000
0.082955, 0.006231, 0.000000
0.174500, 0.025635, 1.000000
0.990521, 0.536234, 9.000000
0.397653, 0.405674, 6.000000
0.427802, 0.669614, 8.000000
0.169411, 0.251346, 3.000000
0.239553, 0.257711, 3.000000
0.446559, 0.217449, 4.000000
0.000700, 0.994771, 7.000000
0.125503, 0.109580, 1.000000
0.832796, 0.324966, 8.000000
0.190612, 0.118133, 2.000000
0.060813, 0.833021, 6.000000
0.126396, 0.621570, 5.000000
0.449660, 0.062867, 3.000000
0.130520, 0.703290, 6.000000
0.015676, 0.121414, 1.000000
0.879588, 0.347763, 9.000000
0.195458, 0.053506, 1.000000
0.347397, 0.238938, 4.000000
0.138776, 0.141031, 2.000000
0.382714, 0.074082, 3.000000
0.681965, 0.349080, 7.000000
0.893908, 0.167487, 7.000000
0.432189, 0.671657, 8.000000
0.046631, 0.637585, 5.000000
0.186319, 0.340282, 3.000000
0.725439, 0.018741, 5.000000
0.007063, 0.115733, 0.000000
0.265072, 0.454080, 5.000000
0.297964, 0.317942, 4.000000
0.243501, 0.952809, 8.000000
0.098717, 0.832309, 6.000000
0.276917, 0.405389, 5.000000
0.503758, 0.080439, 4.000000
0.230652, 0.558746, 5.000000
0.575328, 0.417874, 7.000000
0.027102, 0.560014, 4.000000
0.251459, 0.215684, 3.000000
0.034406, 0.079772, 0.000000
0.605111, 0.161029, 5.000000
0.406844, 0.199032, 4.000000
0.042450, 0.181129, 1.000000
0.807975, 0.227483, 7.000000
0.097434, 0.234292, 2.000000
0.099775, 0.144341, 1.000000
0.238538, 0.015598, 1.000000
0.027743, 0.738633, 5.000000
0.735621, 0.946839, 9.000000
0.080633, 0.571517, 4.000000
0.521920, 0.771471, 9.000000
0.519938, 0.334557, 6.000000
0.196387, 0.193727, 2.000000
0.101820, 0.359931, 3.000000
0.239618, 0.232024, 3.000000
0.859913, 0.042757, 6.000000
0.677500, 0.971111, 9.000000
0.037207, 0.041034, 0.000000
0.965193, 0.116515, 8.000000
0.187064, 0.982331, 8.000000
0.297361, 0.077727, 2.000000
0.334944, 0.940326, 9.000000
0.146367, 0.561083, 5.000000
0.101599, 0.555109, 4.000000
0.009580, 0.171983, 1.000000
0.035682, 0.587298, 4.000000
0.321792, 0.107405, 3.000000
0.138578, 0.393367, 3.000000
0.149484, 0.182652, 2.000000
0.616385, 0.509089, 8.000000
0.579559, 0.431823, 7.000000
0.069789, 0.167784, 1.000000
0.128825, 0.908490, 7.000000
0.095923, 0.131122, 1.000000
0.543573, 0.091880, 4.000000
0.396449, 0.579128, 7.000000
0.536944, 0.042524, 4.000000
0.686884, 0.233544, 6.000000
0.221382, 0.171043, 2.000000
0.042076, 0.741891, 5.000000
0.397901, 0.892085, 9.000000
0.507051, 0.368464, 6.000000
0.836937, 0.182035, 7.000000
0.054905, 0.546163, 4.000000
0.091451, 0.824137, 6.000000
0.987266, 0.621004, 9.000000
0.102799, 0.615725, 5.000000
0.249045, 0.363180, 4.000000
0.939736, 0.217596, 8.000000
0.283774, 0.029160, 2.000000
0.070590, 0.434073, 3.000000
0.562006, 0.346033, 6.000000
0.203045, 0.057096, 1.000000
0.155421, 0.666066, 6.000000
0.295934, 0.278740, 4.000000
0.103208, 0.507903, 4.000000
0.040240, 0.224002, 1.000000
0.199335, 0.726941, 6.000000
0.148598, 0.205527, 2.000000
0.815532, 0.752002, 9.000000
0.197648, 0.042039, 1.000000
0.531758, 0.064234, 4.000000
0.438970, 0.524959, 7.000000
0.879093, 0.167742, 7.000000
0.629516, 0.292811, 6.000000
0.705188, 0.362623, 8.000000
0.134486, 0.176372, 2.000000
0.198931, 0.437029, 4.000000
0.250715, 0.175909, 3.000000
0.032538, 0.454832, 3.000000
0.171604, 0.337419, 3.000000
0.070831, 0.252255, 2.000000
0.654596, 0.065622, 5.000000
0.854410, 0.600876, 9.000000
0.841761, 0.086758, 6.000000
0.340602, 0.034994, 2.000000
0.436168, 0.050280, 3.000000
0.210916, 0.416047, 4.000000
0.063239, 0.108271, 1.000000
0.190206, 0.886247, 8.000000
0.167260, 0.478788, 4.000000
0.252131, 0.856070, 8.000000
0.253218, 0.485638, 5.000000
0.445991, 0.039131, 3.000000
0.338856, 0.128683, 3.000000
0.541951, 0.184128, 5.000000
0.367051, 0.434263, 6.000000
0.510573, 0.328624, 6.000000
0.143222, 0.697370, 6.000000
0.625898, 0.707206, 9.000000
0.035930, 0.010248, 0.000000
0.914835, 0.399343, 9.000000
0.778285, 0.076842, 6.000000
0.745480, 0.326234, 8.000000
0.579119, 0.839003, 9.000000
0.076295, 0.079409, 1.000000
0.004635, 0.010876, 0.000000
0.149313, 0.529759, 5.000000
0.047463, 0.794164, 6.000000
0.282997, 0.750678, 7.000000
0.027319, 0.545371, 4.000000
0.028097, 0.060085, 0.000000
0.464368, 0.360892, 6.000000
0.061608, 0.146942, 1.000000
0.903124, 0.032642, 7.000000
0.146478, 0.507893, 4.000000
0.372215, 0.808003, 8.000000
0.604759, 0.345005, 7.000000
0.063960, 0.342144, 3.000000
0.716333, 0.382782, 8.000000
0.306936, 0.171506, 3.000000
0.710120, 0.865836, 9.000000
0.234979, 0.134998, 2.000000
0.769573, 0.004839, 5.000000
0.188131, 0.356316, 4.000000
0.198681, 0.252156, 3.000000
0.092872, 0.782177, 6.000000
0.230520, 0.890169, 8.000000
0.633258, 0.090049, 5.000000
0.025161, 0.078018, 0.000000
0.436428, 0.035933, 3.000000
0.318010, 0.122438, 3.000000
0.016545, 0.301875, 2.000000
0.830174, 0.210504, 7.000000
0.079961, 0.031781, 0.000000
0.413890, 0.358132, 5.000000
0.371847, 0.090906, 3.000000
0.022221, 0.027650, 0.000000
0.688714, 0.691568, 9.000000
0.091339, 0.010417, 0.000000
0.740089, 0.769636, 9.000000
0.013995, 0.232585, 1.000000
0.311745, 0.398137, 5.000000
0.353900, 0.141530, 3.000000
0.014348, 0.137362, 1.000000
0.028727, 0.022634, 0.000000
0.018069, 0.147068, 1.000000
0.146448, 0.773145, 6.000000
0.005045, 0.098668, 0.000000
0.514220, 0.891122, 9.000000
0.239065, 0.147485, 2.000000
0.195903, 0.056469, 1.000000
0.217743, 0.377499, 4.000000
0.788334, 0.030425, 6.000000
0.539455, 0.244085, 5.000000
0.105426, 0.261745, 2.000000
0.759471, 0.021604, 5.000000
0.254104, 0.905284, 8.000000
0.274586, 0.381213, 4.000000
0.091429, 0.509401, 4.000000
0.119954, 0.181074, 2.000000
0.016997, 0.054151, 0.000000
0.307558, 0.636581, 7.000000
0.901935, 0.977051, 9.000000
0.015301, 0.092786, 0.000000
0.072168, 0.022842, 0.000000
0.175655, 0.096389, 2.000000
0.500315, 0.051312, 4.000000
0.240907, 0.130992, 2.000000
0.820825, 0.928352, 9.000000
0.077274, 0.867355, 7.000000
0.381346, 0.746551, 8.000000
0.027283, 0.049938, 0.000000
0.633229, 0.185379, 6.000000
0.033151, 0.198105, 1.000000
0.563978, 0.058455, 4.000000
0.500636, 0.690002, 8.000000
0.070427, 0.015017, 0.000000
0.627168, 0.210164, 6.000000
0.181061, 0.031577, 1.000000
0.731141, 0.440569, 8.000000
0.009095, 0.942294, 7.000000
0.008682, 0.199845, 1.000000
0.210863, 0.146203, 2.000000
0.426908, 0.034438, 3.000000
0.368445, 0.294586, 4.000000
0.667034, 0.636458, 9.000000
0.442119, 0.707641, 8.000000
0.030255, 0.168979, 1.000000
0.391571, 0.442902, 6.000000
0.294111, 0.470168, 5.000000
0.534037, 0.171877, 5.000000
0.018298, 0.102815, 0.000000
0.336956, 0.090105, 3.000000
0.945553, 0.581785, 9.000000
0.094448, 0.007264, 0.000000
0.454922, 0.486291, 7.000000
0.235358, 0.019949, 1.000000
0.007359, 0.614248, 4.000000
0.969454, 0.828202, 9.000000
0.949526, 0.803966, 9.000000
0.446198, 0.564112, 7.000000
0.605591, 0.202544, 6.000000
0.121550, 0.780604, 6.000000
0.433998, 0.736338, 8.000000
0.014835, 0.030897, 0.000000
0.926886, 0.262837, 8.000000
0.049246, 0.089366, 1.000000
0.013202, 0.103986, 0.000000
0.273313, 0.069027, 2.000000
0.243619, 0.239793, 3.000000
0.170638, 0.462364, 4.000000
0.416182, 0.023199, 3.000000
0.026412, 0.618552, 4.000000
0.339444, 0.005174, 2.000000
0.820460, 0.025636, 6.000000
0.102595, 0.481218, 4.000000
0.155294, 0.056459, 1.000000
0.135397, 0.067141, 1.000000
0.270450, 0.862485, 8.000000
0.604312, 0.350033, 7.000000
0.291574, 0.010961, 2.000000
0.778435, 0.098439, 6.000000
0.018627, 0.040501, 0.000000
0.084852, 0.023704, 0.000000
0.918175, 0.139391, 7.000000
0.027817, 0.077437, 0.000000
0.406813, 0.174341, 4.000000
0.423954, 0.661027, 8.000000
0.710710, 0.093138, 6.000000
0.173846, 0.569005, 5.000000
0.832399, 0.162495, 7.000000
0.032598, 0.072122, 0.000000
0.137161, 0.934694, 8.000000
0.648602, 0.139118, 5.000000
0.027882, 0.009730, 0.000000
0.733379, 0.606292, 9.000000
0.965677, 0.096826, 7.000000
0.502770, 0.407800, 6.000000
0.382147, 0.600180, 7.000000
0.019532, 0.305598, 2.000000
0.004751, 0.484010, 3.000000
0.138255, 0.209776, 2.000000
0.655090, 0.409502, 7.000000
0.014124, 0.047041, 0.000000
0.202874, 0.956147, 8.000000
0.073270, 0.360099, 3.000000
0.685075, 0.956817, 9.000000
0.064878, 0.608547, 5.000000
0.979996, 0.025987, 7.000000
0.252541, 0.016656, 2.000000
0.236358, 0.887108, 8.000000
0.472499, 0.236852, 5.000000
0.425549, 0.888239, 9.000000
0.115567, 0.012210, 0.000000
0.095388, 0.105001, 1.000000
0.088776, 0.565030, 4.000000
0.287825, 0.562673, 6.000000
0.487060, 0.572929, 7.000000
0.085243, 0.553165, 4.000000
0.528650, 0.905180, 9.000000
0.074323, 0.102876, 1.000000
0.433304, 0.799361, 9.000000
0.018768, 0.595523, 4.000000
0.013739, 0.092595, 0.000000
0.217833, 0.352114, 4.000000
0.338347, 0.586241, 6.000000
0.198621, 0.318109, 3.000000
0.909920, 0.539158, 9.000000
0.240005, 0.019558, 1.000000
0.700501, 0.683660, 9.000000
0.940357, 0.759870, 9.000000
0.046278, 0.015466, 0.000000
0.103510, 0.267421, 2.000000
0.357750, 0.219040, 4.000000
0.018144, 0.469010, 3.000000
0.075818, 0.032163, 0.000000
0.033491, 0.111557, 1.000000
0.741836, 0.126572, 6.000000
0.102317, 0.106045, 1.000000
0.434392, 0.510554, 7.000000
0.087420, 0.203469, 2.000000
0.186505, 0.670405, 6.000000
0.009343, 0.118558, 0.000000
0.089051, 0.006877, 0.000000
0.254593, 0.272499, 3.000000
0.037511, 0.774767, 6.000000
0.768260, 0.678337, 9.000000
0.402641, 0.717113, 8.000000
0.093721, 0.584378, 5.000000
0.150399, 0.062939, 1.000000
0.274131, 0.654270, 6.000000
0.184263, 0.870097, 7.000000
0.621706, 0.973060, 9.000000
0.173818, 0.243106, 3.000000
0.019978, 0.085456, 0.000000
0.193677, 0.001948, 1.000000
0.741767, 0.928017, 9.000000
0.536901, 0.259006, 5.000000
0.161581, 0.159272, 2.000000
0.034487, 0.056927, 0.000000
0.159145, 0.009243, 1.000000
0.478910, 0.421279, 6.000000
0.324543, 0.863361, 8.000000
0.245403, 0.035883, 2.000000
0.004974, 0.858755, 6.000000
0.374777, 0.259942, 4.000000
0.453514, 0.093960, 4.000000
0.020721, 0.337193, 2.000000
0.546185, 0.344791, 6.000000
0.609356, 0.834719, 9.000000
0.056070, 0.059079, 0.000000
0.872509, 0.839068, 9.000000
0.271568, 0.189043, 3.000000
0.107926, 0.189333, 2.000000
0.346967, 0.758213, 8.000000
0.699944, 0.005617, 5.000000
0.005793, 0.187653, 1.000000
0.753351, 0.102540, 6.000000
0.004583, 0.267001, 2.000000
0.045714, 0.730003, 5.000000
0.324633, 0.651018, 7.000000
0.214367, 0.942284, 8.000000
0.089495, 0.295129, 2.000000
0.660631, 0.419147, 8.000000
0.293220, 0.253547, 4.000000
0.349722, 0.390235, 5.000000
0.758201, 0.926255, 9.000000
0.273342, 0.800296, 8.000000
0.404443, 0.323650, 5.000000
0.389791, 0.049745, 3.000000
0.150350, 0.040115, 1.000000
0.163474, 0.809606, 7.000000
0.304712, 0.803077, 8.000000
0.031616, 0.062743, 0.000000
0.184405, 0.899779, 8.000000
0.324986, 0.063158, 2.000000
0.777719, 0.347641, 8.000000
0.891505, 0.152537, 7.000000
0.097778, 0.011887, 0.000000
0.314917, 0.081181, 2.000000
0.635877, 0.153292, 5.000000
0.700130, 0.739172, 9.000000
0.037487, 0.328263, 2.000000
0.137424, 0.612615, 5.000000
0.441077, 0.054042, 3.000000
0.447557, 0.063977, 3.000000
0.072672, 0.184116, 1.000000
0.444921, 0.137676, 4.000000
0.039495, 0.000428, 0.000000
0.267987, 0.063910, 2.000000
0.032009, 0.216720, 1.000000
0.511626, 0.046172, 4.000000
0.376976, 0.151155, 3.000000
0.393484, 0.408785, 6.000000
0.152060, 0.938034, 8.000000
0.936551, 0.546631, 9.000000
0.008664, 0.318539, 2.000000
0.055846, 0.319956, 2.000000
0.118137, 0.429074, 4.000000
0.132982, 0.683048, 6.000000
0.228435, 0.429313, 4.000000
0.066695, 0.563897, 4.000000
0.425138, 0.624885, 7.000000
0.219386, 0.177653, 2.000000
0.012945, 0.202272, 1.000000
0.173758, 0.108837, 2.000000
0.319679, 0.237435, 4.000000
0.371949, 0.658872, 7.000000
0.763985, 0.105997, 6.000000
0.402210, 0.107925, 3.000000
0.400579, 0.167160, 4.000000
0.990537, 0.053006, 7.000000
0.838736, 0.172044, 7.000000
0.698624, 0.399314, 8.000000
0.900359, 0.881322, 9.000000
0.516867, 0.156914, 5.000000
0.022945, 0.045646, 0.000000
0.266530, 0.168964, 3.000000
0.548837, 0.499587, 7.000000
0.487156, 0.662975, 8.000000
0.265560, 0.547467, 6.000000
0.774875, 0.215106, 7.000000
0.393523, 0.264906, 4.000000
0.643262, 0.245469, 6.000000
0.033808, 0.422093, 3.000000
0.442340, 0.081801, 3.000000
0.042403, 0.118699, 1.000000
0.093733, 0.084970, 1.000000
0.921389, 0.422080, 9.000000
0.229581, 0.025398, 1.000000
0.079942, 0.730295, 6.000000
0.049776, 0.113245, 1.000000
0.074242, 0.104773, 1.000000
0.904319, 0.171315, 8.000000
0.098145, 0.567783, 4.000000
0.110179, 0.126304, 1.000000
0.060828, 0.106986, 1.000000
0.575275, 0.906818, 9.000000
0.292316, 0.474015, 5.000000
0.124863, 0.200486, 2.000000
0.002416, 0.039251, 0.000000
0.044089, 0.056821, 0.000000
0.129160, 0.012654, 1.000000
0.005269, 0.728543, 5.000000
0.345737, 0.799157, 8.000000
0.555673, 0.583165, 8.000000
0.012183, 0.813891, 6.000000
0.168131, 0.670249, 6.000000
0.733953, 0.311314, 7.000000
0.248241, 0.228276, 3.000000
0.275967, 0.040987, 2.000000
0.192070, 0.013899, 1.000000
0.190107, 0.559645, 5.000000
0.075394, 0.152131, 1.000000
0.293703, 0.753643, 7.000000
0.081901, 0.110187, 1.000000
0.746873, 0.276386, 7.000000
0.744659, 0.859413, 9.000000
0.412855, 0.240075, 4.000000
0.110186, 0.056952, 1.000000
0.233364, 0.387556, 4.000000
0.192189, 0.385637, 4.000000
0.167541, 0.444728, 4.000000
0.212648, 0.008225, 1.000000
0.323496, 0.838923, 8.000000
0.935845, 0.059556, 7.000000
0.020655, 0.114522, 1.000000
0.184275, 0.743479, 6.000000
0.668719, 0.695620, 9.000000
0.569568, 0.458337, 7.000000
0.095633, 0.082401, 1.000000
0.276368, 0.538113, 6.000000
0.004114, 0.128247, 0.000000
0.370695, 0.553504, 6.000000
0.799391, 0.774009, 9.000000
0.770915, 0.178805, 7.000000
0.397807, 0.055466, 3.000000
0.321325, 0.312031, 4.000000
0.556116, 0.049771, 4.000000
0.314648, 0.257972, 4.000000
0.056402, 0.334079, 2.000000
0.751236, 0.052245, 6.000000
0.288345, 0.083000, 2.000000
0.677423, 0.799001, 9.000000
0.070339, 0.731823, 6.000000
0.033005, 0.849633, 6.000000
0.068912, 0.638340, 5.000000
0.184966, 0.658886, 6.000000
0.810731, 0.260347, 8.000000
0.093602, 0.916144, 7.000000
0.321467, 0.837981, 8.000000
0.586362, 0.388333, 7.000000
0.609021, 0.562552, 8.000000
0.165390, 0.148064, 2.000000
0.422908, 0.905097, 9.000000
0.013143, 0.061038, 0.000000
0.035302, 0.300705, 2.000000
0.141276, 0.057225, 1.000000
0.658133, 0.366369, 7.000000
0.449318, 0.002033, 3.000000
0.413639, 0.687945, 8.000000
0.040513, 0.357299, 2.000000
0.354651, 0.206397, 4.000000
0.664330, 0.708856, 9.000000
0.152855, 0.019901, 1.000000
0.451482, 0.156177, 4.000000
0.540572, 0.146490, 5.000000
0.216047, 0.029600, 1.000000
0.117436, 0.192394, 2.000000
0.085051, 0.815170, 6.000000
0.344317, 0.162605, 3.000000
0.022508, 0.045262, 0.000000
0.215643, 0.008730, 1.000000
0.160180, 0.091255, 1.000000
0.388499, 0.282302, 5.000000
0.431732, 0.215509, 4.000000
0.230192, 0.646115, 6.000000
0.099963, 0.906237, 7.000000
0.038470, 0.055803, 0.000000
0.763254, 0.907413, 9.000000
0.063937, 0.972501, 7.000000
0.063846, 0.672141, 5.000000
0.667970, 0.057763, 5.000000
0.056142, 0.003743, 0.000000
0.526294, 0.967187, 9.000000
0.365449, 0.426109, 5.000000
0.235250, 0.668398, 6.000000
0.031531, 0.030304, 0.000000
0.751895, 0.109298, 6.000000
0.124761, 0.823167, 7.000000
0.027932, 0.625683, 4.000000
0.101290, 0.018626, 0.000000
0.063858, 0.002004, 0.000000
0.798861, 0.114866, 6.000000
0.599979, 0.004296, 4.000000
0.347504, 0.617165, 7.000000
0.020976, 0.145327, 1.000000
0.940376, 0.219311, 8.000000
0.478606, 0.440958, 6.000000
0.000761, 0.033095, 0.000000
0.460758, 0.387480, 6.000000
0.069416, 0.073667, 1.000000
0.140258, 0.449243, 4.000000
0.235589, 0.379348, 4.000000
0.017176, 0.669439, 5.000000
0.034109, 0.062800, 0.000000
0.517690, 0.579923, 8.000000
0.557407, 0.324455, 6.000000
0.311491, 0.529418, 6.000000
0.554218, 0.001851, 4.000000
0.932628, 0.470495, 9.000000
0.269374, 0.030273, 2.000000
0.201802, 0.148270, 2.000000
0.217721, 0.208056, 3.000000
0.258807, 0.012466, 2.000000
0.137944, 0.127388, 1.000000
0.045113, 0.103117, 1.000000
0.189268, 0.318041, 3.000000
0.017023, 0.241115, 1.000000
0.568988, 0.110280, 5.000000
0.031376, 0.203614, 1.000000
0.903142, 0.911185, 9.000000
0.282538, 0.436501, 5.000000
0.202873, 0.862955, 7.000000
0.712481, 0.752614, 9.000000
0.084535, 0.040885, 0.000000
0.699625, 0.260607, 7.000000
0.167271, 0.836088, 7.000000
0.067135, 0.368328, 3.000000
0.633461, 0.254236, 6.000000
0.693313, 0.552563, 9.000000
0.059988, 0.027617, 0.000000
0.134746, 0.263256, 2.000000
0.195316, 0.116274, 2.000000
0.437965, 0.103481, 4.000000
0.383305, 0.161128, 4.000000
0.079704, 0.141265, 1.000000
0.690460, 0.353543, 7.000000
0.051546, 0.282014, 2.000000
0.132087, 0.693322, 6.000000
0.238548, 0.039729, 2.000000
0.342928, 0.907438, 9.000000
0.148447, 0.200996, 2.000000
0.077386, 0.005696, 0.000000
0.328692, 0.242250, 4.000000
0.113872, 0.712637, 6.000000
0.109686, 0.292871, 3.000000
0.034448, 0.016872, 0.000000
0.882530, 0.536858, 9.000000
0.239213, 0.155633, 2.000000
0.007395, 0.120055, 0.000000
0.533845, 0.556707, 8.000000
0.806775, 0.024548, 6.000000
0.553375, 0.060139, 4.000000
0.384187, 0.178648, 4.000000
0.287921, 0.026781, 2.000000
0.468459, 0.488417, 7.000000
0.067972, 0.920216, 7.000000
0.228181, 0.053686, 2.000000
0.237737, 0.331484, 4.000000
0.987326, 0.993408, 9.000000
0.210235, 0.899738, 8.000000
0.080003, 0.032342, 0.000000
0.119445, 0.323356, 3.000000
0.137527, 0.043606, 1.000000
0.287438, 0.100679, 2.000000
0.325006, 0.593929, 6.000000
0.073736, 0.092974, 1.000000
0.676402, 0.947603, 9.000000
0.914736, 0.035399, 7.000000
0.661194, 0.071866, 5.000000
0.364470, 0.367304, 5.000000
0.509184, 0.324808, 6.000000
0.755626, 0.506925, 9.000000
0.419939, 0.233646, 4.000000
0.954741, 0.168053, 8.000000
0.284018, 0.359054, 4.000000
0.225181, 0.013517, 1.000000
0.111949, 0.230891, 2.000000
0.827207, 0.517251, 9.000000
0.770225, 0.076218, 6.000000
0.076499, 0.013467, 0.000000
0.043310, 0.318239, 2.000000
0.969434, 0.386941, 9.000000
0.398407, 0.594821, 7.000000
0.470754, 0.001641, 3.000000
0.049516, 0.189519, 1.000000
0.042659, 0.052216, 0.000000
0.093237, 0.305613, 2.000000
0.054087, 0.346064, 3.000000
0.011903, 0.475873, 3.000000
0.307521, 0.989073, 9.000000
0.031147, 0.830253, 6.000000
0.173681, 0.289539, 3.000000
0.229503, 0.925720, 8.000000
0.635423, 0.086472, 5.000000
0.168652, 0.241413, 3.000000
0.227933, 0.075759, 2.000000
0.200071, 0.070320, 2.000000
0.068371, 0.063013, 0.000000
0.466717, 0.182767, 4.000000
0.741791, 0.783325, 9.000000
0.021393, 0.248416, 2.000000
0.129306, 0.206761, 2.000000
0.012303, 0.074993, 0.000000
0.361728, 0.681100, 7.000000
0.272088, 0.516205, 5.000000
0.587839, 0.480010, 8.000000
0.131729, 0.292710, 3.000000
0.961729, 0.722629, 9.000000
0.342736, 0.513029, 6.000000
0.105274, 0.396364, 3.000000
0.034148, 0.098111, 0.000000
0.468491, 0.042255, 3.000000
0.071549, 0.416953, 3.000000
0.038321, 0.789753, 6.000000
0.348981, 0.516694, 6.000000
0.377345, 0.037895, 3.000000
0.262052, 0.404097, 4.000000
0.842879, 0.213760, 7.000000
0.051557, 0.200702, 1.000000
0.738735, 0.683948, 9.000000
0.566448, 0.020134, 4.000000
0.256743, 0.308952, 4.000000
0.042096, 0.137667, 1.000000
0.280290, 0.476359, 5.000000
0.109428, 0.011631, 0.000000
0.861178, 0.157451, 7.000000
0.232663, 0.014339, 1.000000
0.587949, 0.260998, 6.000000
0.559262, 0.010582, 4.000000
0.098185, 0.035553, 1.000000
0.093272, 0.215289, 2.000000
0.768090, 0.100457, 6.000000
0.286347, 0.381340, 5.000000
0.425909, 0.187750, 4.000000
0.360172, 0.461499, 6.000000
0.867742, 0.715114, 9.000000
0.149551, 0.097514, 1.000000
0.875438, 0.926293, 9.000000
0.199098, 0.349203, 4.000000
0.710851, 0.112543, 6.000000
0.057686, 0.768990, 6.000000
0.002730, 0.005013, 0.000000
0.162683, 0.099657, 1.000000
0.938258, 0.618090, 9.000000
0.130908, 0.363420, 3.000000
0.368856, 0.718643, 8.000000
0.466437, 0.627741, 8.000000
0.021421, 0.066381, 0.000000
0.583054, 0.291141, 6.000000
0.556106, 0.164693, 5.000000
0.042280, 0.086707, 0.000000
0.605016, 0.112366, 5.000000
0.062292, 0.051236, 0.000000
0.000236, 0.021116, 0.000000
0.094722, 0.416118, 3.000000
0.177219, 0.317789, 3.000000
0.437176, 0.225681, 4.000000
0.627419, 0.186558, 6.000000
0.497837, 0.305082, 6.000000
0.179136, 0.654227, 6.000000
0.017802, 0.492944, 3.000000
0.341128, 0.101425, 3.000000
0.568965, 0.906494, 9.000000
0.130433, 0.322074, 3.000000
0.330798, 0.631530, 7.000000
0.386055, 0.125447, 3.000000
0.441044, 0.015459, 3.000000
0.398675, 0.029638, 3.000000
0.257396, 0.065948, 2.000000
0.354552, 0.783134, 8.000000
0.673132, 0.133304, 6.000000
0.108899, 0.867965, 7.000000
0.500031, 0.795868, 9.000000
0.607960, 0.485394, 8.000000
0.157279, 0.359740, 3.000000
0.210107, 0.469330, 5.000000
0.809130, 0.191340, 7.000000
0.543520, 0.251505, 5.000000
0.208442, 0.919683, 8.000000
0.606965, 0.162858, 5.000000
0.061085, 0.092489, 1.000000
0.790521, 0.233952, 7.000000
0.032780, 0.069712, 0.000000
0.324135, 0.695056, 7.000000
0.442004, 0.524333, 7.000000
0.516154, 0.625280, 8.000000
0.028170, 0.281940, 2.000000
0.276065, 0.947700, 9.000000
0.348585, 0.569676, 6.000000
0.050145, 0.066020, 0.000000
0.081961, 0.361294, 3.000000
0.108174, 0.253534, 2.000000
0.009846, 0.418577, 3.000000
0.787615, 0.946195, 9.000000
0.790802, 0.632005, 9.000000
0.605148, 0.415942, 7.000000
0.804612, 0.093930, 6.000000
0.267974, 0.621160, 6.000000
0.088112, 0.028767, 0.000000
0.504158, 0.415198, 6.000000
0.906354, 0.235120, 8.000000
0.015915, 0.004280, 0.000000
0.324154, 0.069277, 2.000000
0.141533, 0.276804, 3.000000
0.735781, 0.132626, 6.000000
0.878111, 0.808560, 9.000000
0.779144, 0.294116, 8.000000
0.049143, 0.097470, 1.000000
0.068183, 0.346282, 3.000000
0.090587, 0.678465, 5.000000
0.206023, 0.274550, 3.000000
0.688210, 0.017051, 5.000000
0.119902, 0.535732, 4.000000
0.276560, 0.258340, 4.000000
0.752579, 0.392091, 8.000000
0.333473, 0.233873, 4.000000
0.924974, 0.800336, 9.000000
0.492585, 0.363591, 6.000000
0.234922, 0.294665, 3.000000
0.809448, 0.094287, 6.000000
0.955802, 0.449118, 9.000000
0.074078, 0.537161, 4.000000
0.085598, 0.118420, 1.000000
0.031202, 0.096268, 0.000000
0.435355, 0.154777, 4.000000
0.019422, 0.068242, 0.000000
0.544975, 0.277407, 6.000000
0.524800, 0.711940, 9.000000
0.189625, 0.176633, 2.000000
0.134107, 0.932696, 8.000000
0.442057, 0.628103, 8.000000
0.020991, 0.063831, 0.000000
0.859900, 0.102158, 7.000000
0.085467, 0.033984, 0.000000
0.246761, 0.835620, 8.000000
0.116228, 0.378391, 3.000000
0.145602, 0.972460, 8.000000
0.987866, 0.176095, 8.000000
0.164201, 0.513806, 5.000000
0.070766, 0.459063, 3.000000
0.722015, 0.095434, 6.000000
0.567530, 0.188999, 5.000000
0.689024, 0.332284, 7.000000
0.230017, 0.279503, 3.000000
0.633124, 0.552686, 8.000000
0.058154, 0.401401, 3.000000
0.693135, 0.428627, 8.000000
0.189672, 0.281562, 3.000000
0.382778, 0.025364, 3.000000
0.599855, 0.425268, 7.000000
0.044453, 0.435031, 3.000000
0.448038, 0.673500, 8.000000
0.260541, 0.312303, 4.000000
0.160579, 0.098524, 1.000000
0.105902, 0.012525, 0.000000
0.381218, 0.546139, 6.000000
0.821133, 0.414526, 9.000000
0.399823, 0.419885, 6.000000
0.483404, 0.109310, 4.000000
0.508196, 0.844383, 9.000000
0.520777, 0.343265, 6.000000
0.220751, 0.839026, 7.000000
0.409628, 0.198159, 4.000000
0.773132, 0.107465, 6.000000
0.136338, 0.121469, 1.000000
0.186683, 0.261043, 3.000000
0.178648, 0.390760, 4.000000
0.206091, 0.295020, 3.000000
0.498820, 0.060951, 4.000000
0.051222, 0.919201, 7.000000
0.016536, 0.132097, 1.000000
0.115439, 0.719364, 6.000000
0.116124, 0.330452, 3.000000
0.543383, 0.228070, 5.000000
0.101585, 0.030160, 0.000000
0.333380, 0.648682, 7.000000
0.613743, 0.001015, 4.000000
0.173891, 0.007292, 1.000000
0.071629, 0.055504, 0.000000
0.168536, 0.071368, 1.000000
0.077021, 0.143811, 1.000000
0.732318, 0.975692, 9.000000
0.054007, 0.168573, 1.000000
0.330417, 0.145452, 3.000000
0.303619, 0.305419, 4.000000
0.501460, 0.015072, 3.000000
0.119011, 0.022032, 1.000000
0.543702, 0.020223, 4.000000
0.406410, 0.642587, 7.000000
0.217777, 0.971633, 8.000000
0.009198, 0.036951, 0.000000
0.894447, 0.681462, 9.000000
0.461246, 0.171730, 4.000000
0.026395, 0.171829, 1.000000
0.179242, 0.010512, 1.000000
0.134719, 0.328148, 3.000000
0.224121, 0.854150, 8.000000
0.464748, 0.002842, 3.000000
0.814801, 0.781778, 9.000000
0.453195, 0.685853, 8.000000
0.514485, 0.061013, 4.000000
0.070535, 0.419738, 3.000000
0.059724, 0.358634, 3.000000
0.190435, 0.684623, 6.000000
0.034997, 0.195389, 1.000000
0.332011, 0.832963, 8.000000
0.825863, 0.404561, 9.000000
0.081436, 0.156637, 1.000000
0.002193, 0.024552, 0.000000
0.138596, 0.081928, 1.000000
0.518405, 0.248594, 5.000000
0.317256, 0.026042, 2.000000
0.444622, 0.208848, 4.000000
0.758592, 0.894860, 9.000000
0.073454, 0.051922, 0.000000
0.037939, 0.065267, 0.000000
0.116237, 0.143376, 1.000000
0.833916, 0.057265, 6.000000
0.143762, 0.073660, 1.000000
0.998413, 0.819147, 9.000000
0.136460, 0.043705, 1.000000
0.189099, 0.770696, 7.000000
0.573581, 0.115919, 5.000000
0.043468, 0.070189, 0.000000
0.762545, 0.364632, 8.000000
0.206799, 0.203818, 3.000000
0.042640, 0.432950, 3.000000
0.143886, 0.027522, 1.000000
0.533377, 0.338178, 6.000000
0.431219, 0.579472, 7.000000
0.951291, 0.181444, 8.000000
0.374075, 0.642515, 7.000000
0.378211, 0.505648, 6.000000
0.311619, 0.299795, 4.000000
0.199949, 0.302828, 3.000000
0.025180, 0.030209, 0.000000
0.166350, 0.947650, 8.000000
0.395137, 0.209433, 4.000000
0.038493, 0.328655, 2.000000
0.092082, 0.078872, 1.000000
0.790547, 0.153905, 7.000000
0.119981, 0.027137, 1.000000
0.714556, 0.860487, 9.000000
0.502630, 0.025807, 3.000000
0.513148, 0.973797, 9.000000
0.107570, 0.098988, 1.000000
0.370918, 0.170854, 4.000000
0.175766, 0.009482, 1.000000
0.137238, 0.166465, 2.000000
0.073714, 0.335416, 3.000000
0.943366, 0.121946, 7.000000
0.155614, 0.576541, 5.000000
0.662346, 0.453341, 8.000000
0.088664, 0.166303, 1.000000
0.471236, 0.229363, 5.000000
0.680602, 0.421227, 8.000000
0.044831, 0.091182, 1.000000
0.956577, 0.163064, 8.000000
0.876263, 0.597283, 9.000000
0.114264, 0.177947, 2.000000
0.212242, 0.821505, 7.000000
0.490812, 0.024670, 3.000000
0.036207, 0.311756, 2.000000
0.853960, 0.442059, 9.000000
0.603966, 0.328506, 6.000000
0.794357, 0.584904, 9.000000
0.015420, 0.078662, 0.000000
0.079134, 0.462088, 4.000000
0.578397, 0.803075, 9.000000
0.556169, 0.280395, 6.000000
0.294634, 0.517042, 6.000000
0.496745, 0.504575, 7.000000
0.519709, 0.075507, 4.000000
0.743694, 0.017634, 5.000000
0.041754, 0.036885, 0.000000
0.082518, 0.022479, 0.000000
0.217699, 0.129022, 2.000000
0.124277, 0.844760, 7.000000
0.002573, 0.386583, 2.000000
0.185982, 0.833071, 7.000000
0.157131, 0.149026, 2.000000
0.028430, 0.603756, 4.000000
0.130008, 0.010877, 1.000000
0.127053, 0.088805, 1.000000
0.469913, 0.593234, 7.000000
0.076630, 0.983987, 7.000000
0.870576, 0.843152, 9.000000
0.255038, 0.296959, 4.000000
0.815390, 0.132612, 7.000000
0.410132, 0.638583, 7.000000
0.062439, 0.014810, 0.000000
0.137857, 0.043980, 1.000000
0.043703, 0.841539, 6.000000
0.918860, 0.842363, 9.000000
0.555313, 0.458074, 7.000000
0.259372, 0.484354, 5.000000
0.011442, 0.543580, 4.000000
0.187157, 0.432578, 4.000000
0.001304, 0.152140, 1.000000
0.959238, 0.497113, 9.000000
0.110936, 0.569140, 5.000000
0.149749, 0.687246, 6.000000
0.267543, 0.164745, 3.000000
0.076563, 0.437607, 3.000000
0.312778, 0.165022, 3.000000
0.722960, 0.098746, 6.000000
0.335747, 0.219730, 4.000000
0.172314, 0.319383, 3.000000
0.870051, 0.320928, 8.000000
0.080156, 0.091171, 1.000000
0.492477, 0.023745, 3.000000
0.082579, 0.159132, 1.000000
0.013642, 0.030077, 0.000000
0.402667, 0.016222, 3.000000
0.427613, 0.439755, 6.000000
0.246537, 0.574526, 6.000000
0.156362, 0.415877, 4.000000
0.144475, 0.050934, 1.000000
0.980672, 0.206619, 8.000000
0.625536, 0.296622, 6.000000
0.045573, 0.585661, 4.000000
0.059027, 0.350540, 3.000000
0.276150, 0.326300, 4.000000
0.202001, 0.118562, 2.000000
0.627915, 0.280867, 6.000000
0.539463, 0.041330, 4.000000
0.239688, 0.885662, 8.000000
0.600461, 0.465460, 7.000000
0.015511, 0.047272, 0.000000
0.467476, 0.050784, 3.000000
0.290270, 0.280472, 4.000000
0.769607, 0.119170, 6.000000
0.275046, 0.748240, 7.000000
0.731868, 0.773771, 9.000000
0.552050, 0.132112, 5.000000
0.443890, 0.990909, 9.000000
0.454684, 0.385492, 6.000000
0.055528, 0.031620, 0.000000
0.765447, 0.043649, 6.000000
0.343387, 0.864378, 9.000000
0.082674, 0.711327, 5.000000
0.237890, 0.739021, 7.000000
0.124626, 0.034997, 1.000000
0.093536, 0.408851, 3.000000
0.083273, 0.386684, 3.000000
0.028573, 0.256693, 2.000000
0.679652, 0.025855, 5.000000
0.886165, 0.707377, 9.000000
0.181247, 0.381717, 4.000000
0.281422, 0.036056, 2.000000
0.523392, 0.163091, 5.000000
0.058811, 0.029485, 0.000000
0.189104, 0.358948, 4.000000
0.967095, 0.666700, 9.000000
0.093947, 0.066121, 1.000000
0.721119, 0.139697, 6.000000
0.130919, 0.235393, 2.000000
0.332481, 0.096899, 3.000000
0.117660, 0.403416, 3.000000
0.081337, 0.515006, 4.000000
0.234797, 0.026049, 1.000000
0.170406, 0.588696, 5.000000
0.179196, 0.181903, 2.000000
0.129184, 0.714137, 6.000000
0.181700, 0.036110, 1.000000
0.350196, 0.808740, 8.000000
0.744447, 0.990149, 9.000000
0.826087, 0.955202, 9.000000
0.135475, 0.874070, 7.000000
0.113248, 0.668916, 5.000000
0.040881, 0.356773, 2.000000
0.006449, 0.026979, 0.000000
0.064942, 0.069588, 1.000000
0.366982, 0.537525, 6.000000
0.217048, 0.381289, 4.000000
0.791649, 0.356045, 8.000000
0.231840, 0.159133, 2.000000
0.006211, 0.114288, 0.000000
0.236803, 0.190674, 3.000000
0.554245, 0.865519, 9.000000
0.229173, 0.127409, 2.000000
0.323992, 0.802120, 8.000000
0.400965, 0.036534, 3.000000
0.484849, 0.145276, 4.000000
0.208812, 0.734697, 7.000000
0.339918, 0.093728, 3.000000
0.422110, 0.104411, 3.000000
0.504751, 0.377120, 6.000000
0.105446, 0.836904, 7.000000
0.965532, 0.064965, 7.000000
0.022601, 0.232943, 1.000000
0.825066, 0.244549, 8.000000
0.308453, 0.686407, 7.000000
0.602148, 0.089681, 5.000000
0.807432, 0.601634, 9.000000
0.108210, 0.049261, 1.000000
0.403911, 0.870772, 9.000000
0.867333, 0.159957, 7.000000
0.535859, 0.441086, 7.000000
0.607218, 0.015961, 4.000000
0.293605, 0.048474, 2.000000
0.454809, 0.013811, 3.000000
0.479206, 0.306167, 5.000000
0.096941, 0.179065, 2.000000
0.006876, 0.083544, 0.000000
0.000565, 0.057950, 0.000000
0.411142, 0.430594, 6.000000
0.484504, 0.007398, 3.000000
0.281089, 0.698460, 7.000000
0.406749, 0.009220, 3.000000
0.028361, 0.363402, 2.000000
0.035876, 0.032735, 0.000000
0.054714, 0.172764, 1.000000
0.098659, 0.429587, 3.000000
0.202947, 0.228952, 3.000000
0.314765, 0.774002, 8.000000
0.061453, 0.594301, 4.000000
0.015224, 0.041002, 0.000000
0.479078, 0.255493, 5.000000
0.084687, 0.029990, 0.000000
0.093957, 0.019621, 0.000000
0.252066, 0.066893, 2.000000
0.508160, 0.585871, 8.000000
0.717049, 0.202567, 6.000000
0.594109, 0.138948, 5.000000
0.627245, 0.300977, 6.000000
0.797239, 0.999298, 9.000000
0.003130, 0.474134, 3.000000
0.095422, 0.018632, 0.000000
0.137878, 0.605058, 5.000000
0.651884, 0.653324, 9.000000
0.172779, 0.435967, 4.000000
0.833603, 0.608479, 9.000000
0.357094, 0.002450, 2.000000
0.407068, 0.403655, 6.000000
0.385963, 0.086436, 3.000000
0.003866, 0.086914, 0.000000
0.108513, 0.292496, 3.000000
0.095038, 0.539302, 4.000000
0.922727, 0.146260, 8.000000
0.303136, 0.584455, 6.000000
0.951168, 0.498644, 9.000000
0.314464, 0.437107, 5.000000
0.220455, 0.669201, 6.000000
0.685800, 0.023949, 5.000000
0.946266, 0.574199, 9.000000
0.149123, 0.510085, 4.000000
0.135545, 0.323268, 3.000000
0.518536, 0.472080, 7.000000
0.642009, 0.354945, 7.000000
0.375908, 0.622459, 7.000000
0.060004, 0.035757, 0.000000
0.027460, 0.355185, 2.000000
0.047229, 0.137302, 1.000000
0.326360, 0.545360, 6.000000
0.371530, 0.381695, 5.000000
0.096440, 0.533079, 4.000000
0.010075, 0.725584, 5.000000
0.517651, 0.509291, 7.000000
0.079156, 0.206150, 2.000000
0.624689, 0.120332, 5.000000
0.151880, 0.813198, 7.000000
0.376698, 0.639890, 7.000000
0.505894, 0.689591, 8.000000
0.000488, 0.182636, 1.000000
0.070960, 0.289250, 2.000000
0.000300, 0.087862, 0.000000
0.136105, 0.806550, 7.000000
0.066962, 0.321622, 2.000000
0.837124, 0.193443, 7.000000
0.863715, 0.207700, 8.000000
0.295145, 0.287928, 4.000000
0.562470, 0.215478, 5.000000
0.095164, 0.630162, 5.000000
0.536899, 0.304369, 6.000000
0.121086, 0.239686, 2.000000
0.361743, 0.355072, 5.000000
0.602357, 0.033355, 4.000000
0.952991, 0.810049, 9.000000
0.334825, 0.951935, 9.000000
0.020274, 0.579393, 4.000000
0.731809, 0.343550, 8.000000
0.039392, 0.302493, 2.000000
0.205716, 0.006520, 1.000000
0.178648, 0.148681, 2.000000
0.238981, 0.105737, 2.000000
0.002564, 0.949329, 7.000000
0.248335, 0.080734, 2.000000
0.056005, 0.194834, 1.000000
0.114883, 0.174084, 2.000000
0.599384, 0.194477, 5.000000
0.477181, 0.280049, 5.000000
0.369560, 0.869596, 9.000000
0.828631, 0.347705, 8.000000
0.152821, 0.178013, 2.000000
0.157178, 0.525425, 5.000000
0.147608, 0.148646, 2.000000
0.084073, 0.214825, 2.000000
0.468854, 0.180144, 4.000000
0.687270, 0.051067, 5.000000
0.733197, 0.140659, 6.000000
0.030720, 0.096508, 0.000000
0.359061, 0.465104, 6.000000
0.498841, 0.061074, 4.000000
0.110689, 0.698347, 6.000000
0.286353, 0.442448, 5.000000
0.165165, 0.228156, 2.000000
0.134312, 0.710394, 6.000000
0.237582, 0.168947, 3.000000
0.016678, 0.059531, 0.000000
0.248323, 0.109957, 2.000000
0.015198, 0.748231, 5.000000
0.720946, 0.788993, 9.000000
0.400542, 0.080640, 3.000000
0.039142, 0.978558, 7.000000
0.256079, 0.831012, 8.000000
0.448750, 0.091684, 4.000000
0.329018, 0.025910, 2.000000
0.077723, 0.024375, 0.000000
0.151966, 0.768693, 6.000000
0.030085, 0.015959, 0.000000
0.992297, 0.036988, 7.000000
0.212717, 0.556978, 5.000000
0.235284, 0.296096, 3.000000
0.336314, 0.328143, 4.000000
0.506330, 0.016152, 3.000000
0.318899, 0.012090, 2.000000
0.445617, 0.590005, 7.000000
0.104245, 0.143470, 1.000000
0.075560, 0.583949, 4.000000
0.246746, 0.635231, 6.000000
0.964760, 0.033069, 7.000000
0.155211, 0.493089, 4.000000
0.343887, 0.225014, 4.000000
0.243388, 0.223222, 3.000000
0.003608, 0.075895, 0.000000
0.017461, 0.233658, 1.000000
0.281464, 0.170886, 3.000000
0.036350, 0.067531, 0.000000
0.182604, 0.933112, 8.000000
0.499473, 0.914404, 9.000000
0.040831, 0.089664, 0.000000
0.005837, 0.042510, 0.000000
0.224279, 0.262551, 3.000000
0.179759, 0.777331, 7.000000
0.840130, 0.895829, 9.000000
0.698530, 0.027559, 5.000000
0.671943, 0.086642, 5.000000
0.023701, 0.494197, 3.000000
0.076000, 0.045078, 0.000000
0.059458, 0.604771, 4.000000
0.418219, 0.342228, 5.000000
0.001206, 0.035882, 0.000000
0.094667, 0.424458, 3.000000
0.560350, 0.868271, 9.000000
0.017075, 0.095093, 0.000000
0.001814, 0.009253, 0.000000
0.390175, 0.253102, 4.000000
0.356487, 0.715981, 8.000000
0.180632, 0.952660, 8.000000
0.898876, 0.670785, 9.000000
0.407347, 0.267196, 5.000000
0.953471, 0.144288, 8.000000
0.973888, 0.967046, 9.000000
0.104802, 0.103913, 1.000000
0.194143, 0.017993, 1.000000
0.151811, 0.572228, 5.000000
0.001504, 0.043677, 0.000000
0.043365, 0.061559, 0.000000
0.307644, 0.655408, 7.000000
0.401147, 0.386513, 5.000000
0.425759, 0.038064, 3.000000
0.588112, 0.309894, 6.000000
0.879222, 0.752533, 9.000000
0.836646, 0.282647, 8.000000
0.096692, 0.448378, 4.000000
0.778930, 0.037856, 6.000000
0.008411, 0.005067, 0.000000
0.216102, 0.126510, 2.000000
0.010986, 0.011025, 0.000000
0.229204, 0.162026, 2.000000
0.767985, 0.456497, 9.000000
0.063987, 0.484834, 4.000000
0.286111, 0.627817, 6.000000
0.240481, 0.567176, 6.000000
0.853608, 0.955256, 9.000000
0.144073, 0.098490, 1.000000
0.134155, 0.066618, 1.000000
0.939761, 0.013373, 7.000000
0.094780, 0.372310, 3.000000
0.386313, 0.479739, 6.000000
0.251532, 0.690506, 7.000000
0.882992, 0.116913, 7.000000
0.206009, 0.848708, 7.000000
0.571191, 0.195313, 5.000000
0.338925, 0.829621, 8.000000
0.080508, 0.020317, 0.000000
0.633694, 0.682689, 9.000000
0.213460, 0.960386, 8.000000
0.265481, 0.030151, 2.000000
0.034552, 0.411280, 3.000000
0.182344, 0.060127, 1.000000
0.109638, 0.021288, 0.000000
0.015338, 0.967570, 7.000000
0.066656, 0.000989, 0.000000
0.720235, 0.451408, 8.000000
0.299251, 0.672658, 7.000000
0.515996, 0.469023, 7.000000
0.159446, 0.092374, 1.000000
0.053722, 0.070775, 0.000000
0.497039, 0.262774, 5.000000
0.059606, 0.129634, 1.000000
0.320297, 0.292785, 4.000000
0.188893, 0.985568, 8.000000
0.028474, 0.007772, 0.000000
0.069894, 0.024461, 0.000000
0.353208, 0.394685, 5.000000
0.893728, 0.258463, 8.000000
0.039086, 0.023488, 0.000000
0.038080, 0.350680, 2.000000
0.144759, 0.453166, 4.000000
0.468812, 0.496033, 7.000000
0.477069, 0.432292, 6.000000
0.014605, 0.060039, 0.000000
0.250410, 0.101358, 2.000000
0.838612, 0.146079, 7.000000
0.787961, 0.827225, 9.000000
0.064875, 0.319210, 2.000000
0.532146, 0.179763, 5.000000
0.125283, 0.508448, 4.000000
0.387007, 0.410327, 5.000000
0.081688, 0.032065, 0.000000
0.287053, 0.058477, 2.000000
0.214090, 0.417866, 4.000000
0.043674, 0.715047, 5.000000
0.187109, 0.037773, 1.000000
0.512240, 0.131470, 4.000000
0.615251, 0.442049, 7.000000
0.216456, 0.468171, 5.000000
0.236144, 0.225004, 3.000000
0.030562, 0.621668, 4.000000
0.679625, 0.112460, 5.000000
0.076085, 0.092715, 1.000000
0.015094, 0.102380, 0.000000
0.966145, 0.666457, 9.000000
0.155672, 0.506738, 4.000000
0.012399, 0.606718, 4.000000
0.001628, 0.015927, 0.000000
0.582088, 0.341533, 6.000000
0.315398, 0.248796, 4.000000
0.651371, 0.201363, 6.000000
0.180436, 0.021556, 1.000000
0.219954, 0.799349, 7.000000
0.277613, 0.654371, 6.000000
0.352129, 0.544798, 6.000000
0.059154, 0.030778, 0.000000
0.088640, 0.028369, 0.000000
0.431116, 0.235075, 4.000000
0.044346, 0.119125, 1.000000
0.150909, 0.597625, 5.000000
0.527823, 0.189745, 5.000000
0.221151, 0.764061, 7.000000
0.049742, 0.142765, 1.000000
0.067697, 0.064441, 0.000000
0.217763, 0.856780, 8.000000
0.390551, 0.241204, 4.000000
0.477397, 0.549757, 7.000000
0.332616, 0.916548, 9.000000
0.404661, 0.086472, 3.000000
0.541909, 0.082600, 4.000000
0.221095, 0.268679, 3.000000
0.151719, 0.469413, 4.000000
0.196656, 0.628999, 6.000000
0.265537, 0.187874, 3.000000
0.143246, 0.298226, 3.000000
0.189789, 0.401748, 4.000000
0.161880, 0.943996, 8.000000
0.333895, 0.129870, 3.000000
0.025871, 0.205392, 1.000000
0.010941, 0.100242, 0.000000
0.569231, 0.585122, 8.000000
0.006743, 0.886542, 6.000000
0.020088, 0.150248, 1.000000
0.277882, 0.546301, 6.000000
0.689643, 0.413266, 8.000000
0.142693, 0.445183, 4.000000
0.567385, 0.278821, 6.000000
0.160291, 0.638333, 5.000000
0.246941, 0.186170, 3.000000
0.242125, 0.031928, 2.000000
0.177978, 0.083661, 1.000000
0.207798, 0.045590, 1.000000
0.110582, 0.444781, 4.000000
0.198433, 0.474371, 5.000000
0.126761, 0.209314, 2.000000
0.382132, 0.409059, 5.000000
0.011205, 0.116640, 0.000000
0.153086, 0.266341, 3.000000
0.102403, 0.097224, 1.000000
0.365423, 0.314756, 5.000000
0.808609, 0.068596, 6.000000
0.214389, 0.039661, 1.000000
0.219565, 0.091501, 2.000000
0.010706, 0.035590, 0.000000
0.390019, 0.320319, 5.000000
0.108681, 0.102879, 1.000000
0.076625, 0.023020, 0.000000
0.543050, 0.096467, 4.000000
0.300426, 0.475513, 5.000000
0.808323, 0.263685, 8.000000
0.100264, 0.745109, 6.000000
0.109202, 0.144246, 1.000000
0.204702, 0.167479, 2.000000
0.678202, 0.394395, 8.000000
0.812028, 0.366458, 8.000000
0.185305, 0.210959, 2.000000
0.089281, 0.289518, 2.000000
0.093311, 0.031592, 0.000000
0.311396, 0.518017, 6.000000
0.001299, 0.055480, 0.000000
0.180714, 0.312112, 3.000000
0.796798, 0.173625, 7.000000
0.396102, 0.762448, 8.000000
0.367509, 0.277180, 4.000000
0.924471, 0.272556, 8.000000
0.400547, 0.851337, 9.000000
0.878866, 0.746792, 9.000000
0.784132, 0.021375, 6.000000
0.494176, 0.063375, 4.000000
0.405244, 0.342434, 5.000000
0.106792, 0.142345, 1.000000
0.448309, 0.146346, 4.000000
0.005360, 0.701126, 5.000000
0.064375, 0.569012, 4.000000
0.421984, 0.218131, 4.000000
0.182360, 0.327136, 3.000000
0.169119, 0.201769, 2.000000
0.018307, 0.080576, 0.000000
0.301188, 0.468818, 5.000000
0.230584, 0.591349, 6.000000
0.596292, 0.312728, 6.000000
0.000421, 0.424261, 3.000000
0.111394, 0.168009, 2.000000
0.134882, 0.004144, 1.000000
0.527720, 0.986487, 9.000000
0.616108, 0.176912, 5.000000
0.310821, 0.336566, 4.000000
0.063462, 0.896911, 7.000000
0.026037, 0.083930, 0.000000
0.504562, 0.314616, 6.000000
0.366123, 0.476058, 6.000000
0.010049, 0.293202, 2.000000
0.139599, 0.315132, 3.000000
0.006545, 0.018522, 0.000000
0.429293, 0.614314, 7.000000
0.611397, 0.515082, 8.000000
0.412682, 0.844453, 9.000000
0.209519, 0.564010, 5.000000
0.196376, 0.080600, 2.000000
0.162149, 0.083356, 1.000000
0.083150, 0.125719, 1.000000
0.687913, 0.686073, 9.000000
0.054545, 0.173323, 1.000000
0.579654, 0.054075, 4.000000
0.158163, 0.653730, 6.000000
0.063108, 0.052212, 0.000000
0.063289, 0.112862, 1.000000
0.083744, 0.701912, 5.000000
0.225798, 0.902967, 8.000000
0.070845, 0.281086, 2.000000
0.647490, 0.303516, 7.000000
0.065848, 0.736816, 6.000000
0.030348, 0.885269, 6.000000
0.099403, 0.044418, 1.000000
0.032053, 0.031620, 0.000000
0.073645, 0.139429, 1.000000
0.212137, 0.803422, 7.000000
0.492625, 0.323336, 6.000000
0.124539, 0.364512, 3.000000
0.156814, 0.032570, 1.000000
0.011806, 0.725078, 5.000000
0.040518, 0.714904, 5.000000
0.018234, 0.247811, 1.000000
0.118081, 0.075532, 1.000000
0.167814, 0.350384, 3.000000
0.334681, 0.035862, 2.000000
0.026113, 0.829486, 6.000000
0.629248, 0.491734, 8.000000
0.244623, 0.218379, 3.000000
0.173855, 0.046301, 1.000000
0.444895, 0.468667, 6.000000
0.337537, 0.514967, 6.000000
0.073390, 0.421245, 3.000000
0.268719, 0.043350, 2.000000
0.112041, 0.136816, 1.000000
0.066623, 0.182350, 1.000000
0.340862, 0.041580, 2.000000
0.794788, 0.039747, 6.000000
0.114114, 0.198135, 2.000000
0.025758, 0.114958, 1.000000
0.398356, 0.111710, 3.000000
0.011186, 0.186776, 1.000000
0.739631, 0.240514, 7.000000
0.553484, 0.110217, 4.000000
0.777783, 0.294533, 8.000000
0.100675, 0.403181, 3.000000
0.627723, 0.964076, 9.000000
0.229183, 0.585885, 6.000000
0.752543, 0.043293, 5.000000
0.296810, 0.007350, 2.000000
0.508071, 0.533089, 7.000000
0.192661, 0.220195, 3.000000
0.217276, 0.042866, 1.000000
0.080939, 0.138539, 1.000000
0.578164, 0.409355, 7.000000
0.284594, 0.069579, 2.000000
0.637614, 0.844480, 9.000000
0.453673, 0.824926, 9.000000
0.622643, 0.332839, 7.000000
0.330941, 0.543764, 6.000000
0.061817, 0.520244, 4.000000
0.273930, 0.116078, 2.000000
0.014806, 0.017175, 0.000000
0.940849, 0.222146, 8.000000
0.334405, 0.444169, 5.000000
0.387143, 0.867744, 9.000000
0.035327, 0.311588, 2.000000
0.247333, 0.290248, 4.000000
0.107589, 0.221249, 2.000000
0.198478, 0.841802, 7.000000
0.457251, 0.770311, 9.000000
0.003632, 0.079038, 0.000000
0.256750, 0.778831, 7.000000
0.645859, 0.223147, 6.000000
0.145398, 0.536451, 5.000000
0.001068, 0.014416, 0.000000
0.330424, 0.395504, 5.000000
0.676834, 0.414925, 8.000000
0.155850, 0.249607, 3.000000
0.182277, 0.056975, 1.000000
0.143875, 0.592616, 5.000000
0.697791, 0.253873, 7.000000
0.149973, 0.139361, 2.000000
0.373273, 0.160674, 4.000000
0.176512, 0.718879, 6.000000
0.204350, 0.008248, 1.000000
0.799256, 0.309368, 8.000000
0.075743, 0.679682, 5.000000
0.825870, 0.669421, 9.000000
0.994000, 0.000345, 7.000000
0.408327, 0.011657, 3.000000
0.076667, 0.152771, 1.000000
0.382545, 0.393973, 5.000000
0.877928, 0.429563, 9.000000
0.108212, 0.088542, 1.000000
0.571269, 0.054998, 4.000000
0.587529, 0.163058, 5.000000
0.166798, 0.489308, 4.000000
0.901672, 0.066310, 7.000000
0.110740, 0.169830, 2.000000
0.063094, 0.935113, 7.000000
0.385965, 0.957026, 9.000000
0.057629, 0.232189, 2.000000
0.501685, 0.492943, 7.000000
0.206237, 0.020980, 1.000000
0.903717, 0.929954, 9.000000
0.074093, 0.217426, 2.000000
0.319530, 0.555590, 6.000000
0.194003, 0.206393, 3.000000
0.087338, 0.000659, 0.000000
0.511899, 0.834094, 9.000000
0.338694, 0.726769, 7.000000
0.115517, 0.907196, 7.000000
0.380611, 0.042888, 3.000000
0.288906, 0.663647, 7.000000
0.608055, 0.389432, 7.000000
0.120248, 0.507208, 4.000000
0.081165, 0.357282, 3.000000
0.354715, 0.972106, 9.000000
0.058368, 0.021732, 0.000000
0.013830, 0.092744, 0.000000
0.959735, 0.902080, 9.000000
0.729666, 0.031044, 5.000000
0.013819, 0.628951, 4.000000
0.283039, 0.085143, 2.000000
0.903404, 0.263875, 8.000000
0.547197, 0.539537, 8.000000
0.012396, 0.154548, 1.000000
0.116242, 0.011616, 0.000000
0.025078, 0.265249, 2.000000
0.617510, 0.019408, 4.000000
0.058265, 0.034467, 0.000000
0.743310, 0.010363, 5.000000
0.002411, 0.120082, 0.000000
0.345941, 0.316928, 4.000000
0.030770, 0.100158, 0.000000
0.895490, 0.188829, 8.000000
0.111079, 0.965239, 8.000000
0.383978, 0.227198, 4.000000
0.458368, 0.467940, 6.000000
0.314062, 0.344505, 4.000000
0.309189, 0.443193, 5.000000
0.961038, 0.148583, 8.000000
0.105205, 0.002540, 0.000000
0.721114, 0.947038, 9.000000
0.137554, 0.911550, 7.000000
0.240157, 0.592887, 6.000000
0.183651, 0.567567, 5.000000
0.878263, 0.313912, 8.000000
0.680988, 0.190280, 6.000000
0.088138, 0.088491, 1.000000
0.569972, 0.204231, 5.000000
0.139076, 0.161281, 2.000000
0.851861, 0.718382, 9.000000
0.315241, 0.510908, 6.000000
0.634305, 0.519745, 8.000000
0.144019, 0.248241, 2.000000
0.286420, 0.164230, 3.000000
0.630269, 0.482309, 8.000000
0.247278, 0.179873, 3.000000
0.613708, 0.635720, 9.000000
0.924706, 0.050604, 7.000000
0.320562, 0.109840, 3.000000
0.150599, 0.608920, 5.000000
0.049808, 0.574508, 4.000000
0.198977, 0.583548, 5.000000
0.451409, 0.067687, 3.000000
0.649986, 0.057660, 5.000000
0.329522, 0.178922, 3.000000
0.121729, 0.120186, 1.000000
0.964069, 0.355875, 9.000000
0.497513, 0.207120, 5.000000
0.138224, 0.566695, 5.000000
0.461989, 0.891802, 9.000000
0.012062, 0.483859, 3.000000
0.670361, 0.214158, 6.000000
0.337733, 0.301183, 4.000000
0.310281, 0.046389, 2.000000
0.467778, 0.010989, 3.000000
0.044729, 0.752845, 5.000000
0.869648, 0.684818, 9.000000
0.154515, 0.146657, 2.000000
0.487865, 0.736483, 9.000000
0.344690, 0.012859, 2.000000
0.299919, 0.316454, 4.000000
0.087601, 0.904903, 7.000000
0.752730, 0.302110, 7.000000
0.046625, 0.285636, 2.000000
0.867954, 0.045672, 6.000000
0.830111, 0.885385, 9.000000
0.153137, 0.555690, 5.000000
0.336276, 0.146668, 3.000000
0.183532, 0.447280, 4.000000
0.943586, 0.684932, 9.000000
0.317027, 0.795746, 8.000000
0.379101, 0.081781, 3.000000
0.700204, 0.275931, 7.000000
0.881664, 0.093389, 7.000000
0.323458, 0.506140, 6.000000
0.691990, 0.499419, 8.000000
0.027229, 0.049305, 0.000000
0.043924, 0.039063, 0.000000
0.190898, 0.794101, 7.000000
0.092011, 0.590470, 5.000000
0.274547, 0.738776, 7.000000
0.496873, 0.848676, 9.000000
0.321574, 0.021361, 2.000000
0.431721, 0.224041, 4.000000
0.319550, 0.747588, 8.000000
0.868224, 0.157907, 7.000000
0.013829, 0.238909, 1.000000
0.928819, 0.316652, 9.000000
0.314881, 0.857352, 8.000000
0.722421, 0.395725, 8.000000
0.013174, 0.203767, 1.000000
0.043385, 0.007653, 0.000000
0.454104, 0.345836, 5.000000
0.357203, 0.121663, 3.000000
0.245728, 0.243557, 3.000000
0.410972, 0.220707, 4.000000
0.133933, 0.656001, 5.000000
0.729667, 0.281827, 7.000000
0.171979, 0.357836, 3.000000
0.338136, 0.063031, 3.000000
0.266211, 0.384813, 4.000000
0.349961, 0.800371, 8.000000
0.656126, 0.974053, 9.000000
0.371653, 0.096615, 3.000000
0.179267, 0.098645, 2.000000
0.320580, 0.210576, 3.000000
0.097745, 0.834150, 6.000000
0.158556, 0.411508, 4.000000
0.116166, 0.185294, 2.000000
0.117301, 0.004226, 0.000000
0.081339, 0.088598, 1.000000
0.369835, 0.157092, 3.000000
0.209041, 0.673613, 6.000000
0.574223, 0.052190, 4.000000
0.180149, 0.244543, 3.000000
0.645543, 0.306038, 7.000000
0.006950, 0.123251, 0.000000
0.951228, 0.694760, 9.000000
0.669078, 0.486158, 8.000000
0.030013, 0.016272, 0.000000
0.129379, 0.002684, 0.000000
0.175618, 0.029466, 1.000000
0.871943, 0.653172, 9.000000
0.604025, 0.460835, 7.000000
0.021656, 0.430736, 3.000000
0.050347, 0.053383, 0.000000
0.519914, 0.698618, 9.000000
0.589075, 0.202225, 5.000000
0.428273, 0.413429, 6.000000
0.422174, 0.143656, 4.000000
0.055966, 0.939522, 7.000000
0.786613, 0.091173, 6.000000
0.143189, 0.362484, 3.000000
0.049278, 0.388520, 3.000000
0.391481, 0.034161, 3.000000
0.115552, 0.121046, 1.000000
0.031192, 0.060790, 0.000000
0.051212, 0.385698, 3.000000
0.819307, 0.580756, 9.000000
0.116696, 0.318760, 3.000000
0.654243, 0.866949, 9.000000
0.100439, 0.579776, 5.000000
0.930054, 0.312140, 9.000000
0.076872, 0.040404, 0.000000
0.167132, 0.065599, 1.000000
0.026895, 0.481954, 3.000000
0.205204, 0.347683, 4.000000
0.116359, 0.147560, 1.000000
0.455843, 0.698378, 8.000000
0.936698, 0.257061, 8.000000
0.007887, 0.096030, 0.000000
0.222182, 0.598680, 6.000000
0.994059, 0.412279, 9.000000
0.036468, 0.880394, 6.000000
0.006963, 0.025650, 0.000000
0.615510, 0.333449, 7.000000
0.078971, 0.635669, 5.000000
0.378204, 0.739992, 8.000000
0.448861, 0.668702, 8.000000
0.197811, 0.685938, 6.000000
0.043562, 0.356906, 3.000000
0.660888, 0.378489, 7.000000
0.186883, 0.562701, 5.000000
0.452493, 0.058218, 3.000000
0.009324, 0.021054, 0.000000
0.041100, 0.050615, 0.000000
0.542873, 0.335520, 6.000000
0.635917, 0.042574, 5.000000
0.103484, 0.183530, 2.000000
0.764832, 0.383164, 8.000000
0.207700, 0.818935, 7.000000
0.171932, 0.301949, 3.000000
0.703176, 0.445599, 8.000000
0.013075, 0.011494, 0.000000
0.249803, 0.534401, 5.000000
0.301716, 0.105816, 3.000000
0.023978, 0.062001, 0.000000
0.473590, 0.228613, 5.000000
0.071616, 0.407452, 3.000000
0.815899, 0.995191, 9.000000
0.207178, 0.676009, 6.000000
0.066442, 0.384112, 3.000000
0.095754, 0.009824, 0.000000
0.837430, 0.789996, 9.000000
0.385391, 0.800205, 8.000000
0.001824, 0.922031, 6.000000
0.636543, 0.496900, 8.000000
0.877426, 0.931514, 9.000000
0.071358, 0.822578, 6.000000
0.190498, 0.015755, 1.000000
0.089163, 0.034863, 0.000000
0.080642, 0.371835, 3.000000
0.211221, 0.389486, 4.000000
0.323518, 0.754781, 8.000000
0.026079, 0.494240, 3.000000
0.094766, 0.234177, 2.000000
0.019618, 0.286558, 2.000000
0.109662, 0.918642, 7.000000
0.178973, 0.753545, 6.000000
0.335201, 0.688791, 7.000000
0.645530, 0.095876, 5.000000
0.555615, 0.569711, 8.000000
0.921250, 0.006320, 6.000000
0.886818, 0.284309, 8.000000
0.285083, 0.050119, 2.000000
0.360811, 0.182500, 4.000000
0.059171, 0.029853, 0.000000
0.767274, 0.370241, 8.000000
0.561418, 0.618011, 8.000000
0.159009, 0.709223, 6.000000
0.525768, 0.386454, 6.000000
0.065992, 0.897991, 7.000000
0.446033, 0.694469, 8.000000
0.945186, 0.568530, 9.000000
0.270186, 0.616097, 6.000000
0.214425, 0.135981, 2.000000
0.142817, 0.615693, 5.000000
0.036467, 0.013418, 0.000000
0.250235, 0.750320, 7.000000
0.521143, 0.156796, 5.000000
0.744150, 0.401345, 8.000000
0.233591, 0.679949, 6.000000
0.273356, 0.761486, 7.000000
0.258235, 0.001217, 1.000000
0.675864, 0.127949, 6.000000
0.320881, 0.099459, 3.000000
0.398761, 0.789629, 8.000000
0.840530, 0.864250, 9.000000
0.520006, 0.873669, 9.000000
0.528867, 0.552072, 8.000000
0.562014, 0.187330, 5.000000
0.769168, 0.036746, 6.000000
0.958541, 0.141042, 8.000000
0.806180, 0.557324, 9.000000
0.181185, 0.351372, 3.000000
0.238733, 0.004503, 1.000000
0.451741, 0.358462, 6.000000
0.138239, 0.021919, 1.000000
0.311081, 0.307159, 4.000000
0.826338, 0.899906, 9.000000
0.135042, 0.690060, 6.000000
0.314994, 0.236550, 4.000000
0.241697, 0.543614, 5.000000
0.057450, 0.263947, 2.000000
0.050384, 0.057193, 0.000000
0.145565, 0.014631, 1.000000
0.900835, 0.041590, 7.000000
0.248551, 0.544668, 5.000000
0.593112, 0.237852, 6.000000
0.349422, 0.242857, 4.000000
0.138854, 0.413147, 4.000000
0.796673, 0.056776, 6.000000
0.340835, 0.127670, 3.000000
0.263024, 0.881525, 8.000000
0.641948, 0.097890, 5.000000
0.860650, 0.014789, 6.000000
0.076710, 0.200650, 2.000000
0.188479, 0.163507, 2.000000
0.344959, 0.089418, 3.000000
0.020213, 0.866289, 6.000000
0.777129, 0.237191, 7.000000
0.343462, 0.152288, 3.000000
0.054153, 0.118246, 1.000000
0.409571, 0.185122, 4.000000
0.743881, 0.223148, 7.000000
0.114585, 0.395754, 3.000000
0.712276, 0.277341, 7.000000
0.465840, 0.023468, 3.000000
0.783211, 0.457463, 9.000000
0.397700, 0.135841, 4.000000
0.141361, 0.942886, 8.000000
0.246627, 0.171052, 3.000000
0.319107, 0.008107, 2.000000
0.183513, 0.096155, 2.000000
0.378665, 0.439650, 6.000000
0.333254, 0.361683, 5.000000
0.342842, 0.843811, 8.000000
0.166169, 0.045671, 1.000000
0.105297, 0.787513, 6.000000
0.488399, 0.489322, 7.000000
0.889904, 0.295909, 8.000000
0.341659, 0.042345, 2.000000
0.257140, 0.218969, 3.000000
0.193443, 0.661994, 6.000000
0.113806, 0.608428, 5.000000
0.128754, 0.966372, 8.000000
0.186614, 0.433828, 4.000000
0.017951, 0.761259, 5.000000
0.077915, 0.763546, 6.000000
0.192725, 0.357887, 4.000000
0.374130, 0.142284, 3.000000
0.580885, 0.153257, 5.000000
0.187131, 0.237465, 3.000000
0.973993, 0.310716, 9.000000
0.509932, 0.493391, 7.000000
0.030005, 0.078251, 0.000000
0.723326, 0.462525, 8.000000
0.052206, 0.742792, 5.000000
0.028669, 0.080078, 0.000000
0.613246, 0.116252, 5.000000
0.451440, 0.267239, 5.000000
0.289711, 0.225157, 3.000000
0.590675, 0.726817, 9.000000
0.862827, 0.174607, 7.000000
0.018243, 0.367933, 2.000000
0.588325, 0.247801, 6.000000
0.204123, 0.053845, 1.000000
0.765995, 0.279514, 7.000000
0.384476, 0.164355, 4.000000
0.150467, 0.683051, 6.000000
0.276880, 0.847735, 8.000000
0.050888, 0.249719, 2.000000
0.193488, 0.215239, 3.000000
0.134996, 0.440726, 4.000000
0.169863, 0.450104, 4.000000
0.008786, 0.024800, 0.000000
0.109001, 0.375007, 3.000000
0.022966, 0.067759, 0.000000
0.036770, 0.270160, 2.000000
0.653804, 0.101219, 5.000000
0.184572, 0.288794, 3.000000
0.435157, 0.713169, 8.000000
0.257839, 0.716518, 7.000000
0.041400, 0.213134, 1.000000
0.132679, 0.754255, 6.000000
0.934560, 0.923032, 9.000000
0.461974, 0.676243, 8.000000
0.041678, 0.300634, 2.000000
0.758137, 0.019057, 5.000000
0.755425, 0.421943, 8.000000
0.189537, 0.796129, 7.000000
0.473640, 0.541687, 7.000000
0.078552, 0.310940, 2.000000
0.002423, 0.411258, 3.000000
0.054005, 0.176833, 1.000000
0.641013, 0.857470, 9.000000
0.345375, 0.205971, 4.000000
0.030589, 0.326108, 2.000000
0.827972, 0.277238, 8.000000
0.023056, 0.150753, 1.000000
0.165318, 0.004273, 1.000000
0.172589, 0.150176, 2.000000
0.123548, 0.024585, 1.000000
0.364793, 0.874664, 9.000000
0.028451, 0.701904, 5.000000
0.094991, 0.365308, 3.000000
0.241275, 0.278340, 3.000000
0.724142, 0.211415, 7.000000
0.480100, 0.186885, 5.000000
0.218585, 0.024183, 1.000000
0.136767, 0.528843, 4.000000
0.835896, 0.094952, 6.000000
0.130941, 0.319729, 3.000000
0.937152, 0.006168, 7.000000
0.157783, 0.136126, 2.000000
0.773476, 0.322119, 8.000000
0.387455, 0.429987, 6.000000
0.890775, 0.607425, 9.000000
0.174961, 0.548220, 5.000000
0.036863, 0.969260, 7.000000
0.274462, 0.022522, 2.000000
0.030251, 0.032432, 0.000000
0.642905, 0.028859, 5.000000
0.224184, 0.034081, 1.000000
0.011363, 0.090043, 0.000000
0.393560, 0.061028, 3.000000
0.199667, 0.361363, 4.000000
0.227116, 0.075401, 2.000000
