0.076173, 0.004561, 0.000000
0.019127, 0.043352, 0.000000
0.054276, 0.037438, 0.000000
0.000535, 0.106726, 0.000000
0.041846, 0.030057, 0.000000
0.047461, 0.010961, 0.000000
0.044716, 0.029410, 0.000000
0.031441, 0.051212, 0.000000
0.100340, 0.005505, 0.000000
0.030032, 0.014547, 0.000000
0.047629, 0.057596, 0.000000
0.075205, 0.051155, 0.000000
0.103249, 0.004841, 0.000000
0.042613, 0.051392, 0.000000
0.031089, 0.052378, 0.000000
0.056543, 0.041102, 0.000000
0.097569, 0.013980, 0.000000
0.014096, 0.029379, 0.000000
0.080175, 0.011788, 0.000000
0.034705, 0.086338, 0.000000
0.018411, 0.087250, 0.000000
0.002592, 0.097068, 0.000000
0.027934, 0.077095, 0.000000
0.039849, 0.072047, 0.000000
0.025136, 0.004800, 0.000000
0.046312, 0.012362, 0.000000
0.070041, 0.043284, 0.000000
0.038743, 0.016006, 0.000000
0.058567, 0.043229, 0.000000
0.003009, 0.050976, 0.000000
0.099083, 0.024059, 0.000000
0.021565, 0.027215, 0.000000
0.101084, 0.003176, 0.000000
0.030715, 0.094078, 0.000000
0.016382, 0.111483, 0.000000
0.026814, 0.029826, 0.000000
0.069235, 0.038120, 0.000000
0.053605, 0.014636, 0.000000
0.037474, 0.039380, 0.000000
0.015738, 0.058540, 0.000000
0.045226, 0.012718, 0.000000
0.097591, 0.008814, 0.000000
0.057308, 0.067135, 0.000000
0.017227, 0.090420, 0.000000
0.016128, 0.075511, 0.000000
0.000016, 0.068481, 0.000000
0.905691, 0.011217, 6.000000
0.006329, 0.124443, 0.000000
0.000422, 0.125861, 0.000000
0.018594, 0.085385, 0.000000
0.072436, 0.031671, 0.000000
0.013911, 0.002137, 0.000000
0.040817, 0.005706, 0.000000
0.048111, 0.006457, 0.000000
0.083952, 0.000302, 0.000000
0.092075, 0.000009, 0.000000
0.076238, 0.003438, 0.000000
0.003821, 0.016047, 0.000000
0.630072, 0.188922, 6.000000
0.033430, 0.069775, 0.000000
0.023343, 0.009956, 0.000000
0.013268, 0.056024, 0.000000
0.125316, 0.007930, 0.000000
0.015450, 0.091392, 0.000000
0.046150, 0.050976, 0.000000
0.086967, 0.000425, 0.000000
0.004568, 0.111817, 0.000000
0.027869, 0.066429, 0.000000
0.011229, 0.025407, 0.000000
0.040833, 0.015728, 0.000000
0.004660, 0.124960, 0.000000
0.048315, 0.066919, 0.000000
0.003618, 0.031360, 0.000000
0.033637, 0.030271, 0.000000
0.060216, 0.039320, 0.000000
0.080763, 0.013823, 0.000000
0.000455, 0.020286, 0.000000
0.038203, 0.010154, 0.000000
0.038721, 0.058007, 0.000000
0.063692, 0.057795, 0.000000
0.009970, 0.059729, 0.000000
0.069195, 0.052341, 0.000000
0.015891, 0.048273, 0.000000
0.006078, 0.010107, 0.000000
0.031597, 0.025137, 0.000000
0.025311, 0.079411, 0.000000
0.067864, 0.031079, 0.000000
0.021757, 0.090346, 0.000000
0.095153, 0.016273, 0.000000
0.004075, 0.022464, 0.000000
0.032064, 0.080588, 0.000000
0.082634, 0.038053, 0.000000
0.066298, 0.048826, 0.000000
0.025483, 0.029902, 0.000000
0.013144, 0.049911, 0.000000
0.055521, 0.060173, 0.000000
0.089885, 0.030276, 0.000000
0.038984, 0.026588, 0.000000
0.028476, 0.060485, 0.000000
0.061965, 0.028949, 0.000000
0.040689, 0.079821, 0.000000
0.068725, 0.028021, 0.000000
0.025433, 0.069327, 0.000000
0.022165, 0.094327, 0.000000
0.089639, 0.003848, 0.000000
0.053831, 0.007332, 0.000000
0.079841, 0.007268, 0.000000
0.050501, 0.033346, 0.000000
0.061598, 0.016284, 0.000000
0.005576, 0.015687, 0.000000
0.047205, 0.049112, 0.000000
0.056539, 0.001777, 0.000000
0.068779, 0.001949, 0.000000
0.018997, 0.049447, 0.000000
0.056058, 0.063072, 0.000000
0.082955, 0.006231, 0.000000
0.026826, 0.045612, 0.000000
0.005713, 0.076808, 0.000000
0.050856, 0.048637, 0.000000
0.062955, 0.029943, 0.000000
0.056286, 0.056318, 0.000000
0.115581, 0.015149, 0.000000
0.030356, 0.055823, 0.000000
0.076594, 0.014645, 0.000000
0.017896, 0.091928, 0.000000
0.047726, 0.072014, 0.000000
0.073819, 0.037989, 0.000000
0.029483, 0.087693, 0.000000
0.109843, 0.009106, 0.000000
0.123733, 0.009564, 0.000000
0.064933, 0.048332, 0.000000
0.066808, 0.009827, 0.000000
0.050100, 0.066031, 0.000000
0.048188, 0.083109, 0.000000
0.039741, 0.033373, 0.000000
0.049130, 0.069396, 0.000000
0.056049, 0.012023, 0.000000
0.015086, 0.075556, 0.000000
0.036407, 0.015452, 0.000000
0.004802, 0.077539, 0.000000
0.041121, 0.049781, 0.000000
0.039844, 0.073795, 0.000000
0.053856, 0.061752, 0.000000
0.007063, 0.115733, 0.000000
0.019933, 0.104833, 0.000000
0.043595, 0.032967, 0.000000
0.052906, 0.025255, 0.000000
0.110780, 0.000608, 0.000000
0.059843, 0.053884, 0.000000
0.056905, 0.071666, 0.000000
0.013976, 0.018026, 0.000000
0.043318, 0.048653, 0.000000
0.022345, 0.059188, 0.000000
0.118972, 0.007197, 0.000000
0.034406, 0.079772, 0.000000
0.067270, 0.056471, 0.000000
0.022917, 0.061064, 0.000000
0.037764, 0.080428, 0.000000
0.004383, 0.062444, 0.000000
0.006095, 0.057663, 0.000000
0.037885, 0.071949, 0.000000
0.128743, 0.000929, 0.000000
0.044625, 0.071800, 0.000000
0.083737, 0.011054, 0.000000
0.009593, 0.019200, 0.000000
0.022499, 0.103699, 0.000000
0.059199, 0.043377, 0.000000
0.006230, 0.063827, 0.000000
0.070370, 0.022622, 0.000000
0.071373, 0.050887, 0.000000
0.043564, 0.046801, 0.000000
0.058227, 0.067560, 0.000000
0.037207, 0.041034, 0.000000
0.007368, 0.095354, 0.000000
0.009958, 0.111911, 0.000000
0.045861, 0.002069, 0.000000
0.039904, 0.062068, 0.000000
0.013598, 0.044136, 0.000000
0.069364, 0.054047, 0.000000
0.095676, 0.005288, 0.000000
0.072479, 0.027148, 0.000000
0.041696, 0.072404, 0.000000
0.081560, 0.002945, 0.000000
0.063613, 0.054048, 0.000000
0.018937, 0.060059, 0.000000
0.110400, 0.021150, 0.000000
0.080602, 0.026214, 0.000000
0.050197, 0.044129, 0.000000
0.013738, 0.019923, 0.000000
0.091848, 0.011130, 0.000000
0.047498, 0.070102, 0.000000
0.018304, 0.019939, 0.000000
0.040326, 0.026581, 0.000000
0.066285, 0.057344, 0.000000
0.004607, 0.054488, 0.000000
0.397901, 0.892085, 9.000000
0.002127, 0.072800, 0.000000
0.008726, 0.002606, 0.000000
0.033755, 0.067687, 0.000000
0.127241, 0.000011, 0.000000
0.034281, 0.013117, 0.000000
0.089302, 0.024136, 0.000000
0.028526, 0.076127, 0.000000
0.026891, 0.039335, 0.000000
0.099451, 0.003058, 0.000000
0.018883, 0.006846, 0.000000
0.101015, 0.026959, 0.000000
0.006640, 0.028664, 0.000000
0.109135, 0.004529, 0.000000
0.004470, 0.036798, 0.000000
0.032528, 0.091262, 0.000000
0.006460, 0.091545, 0.000000
0.054559, 0.048063, 0.000000
0.014678, 0.055920, 0.000000
0.010750, 0.686057, 5.000000
0.038347, 0.027127, 0.000000
0.096140, 0.013270, 0.000000
0.022703, 0.031295, 0.000000
0.026197, 0.043190, 0.000000
0.003751, 0.033716, 0.000000
0.002567, 0.094108, 0.000000
0.002488, 0.069920, 0.000000
0.004897, 0.122780, 0.000000
0.002137, 0.099665, 0.000000
0.076192, 0.007593, 0.000000
0.062234, 0.019007, 0.000000
0.015968, 0.116607, 0.000000
0.037089, 0.072249, 0.000000
0.056777, 0.048138, 0.000000
0.039001, 0.062506, 0.000000
0.056744, 0.036641, 0.000000
0.013977, 0.039196, 0.000000
0.050817, 0.016272, 0.000000
0.002359, 0.019684, 0.000000
0.002867, 0.035799, 0.000000
0.008157, 0.018410, 0.000000
0.024044, 0.002294, 0.000000
0.034599, 0.006273, 0.000000
0.012377, 0.107991, 0.000000
0.009188, 0.031664, 0.000000
0.067007, 0.057764, 0.000000
0.004964, 0.016290, 0.000000
0.033991, 0.059708, 0.000000
0.100972, 0.003694, 0.000000
0.035038, 0.036805, 0.000000
0.035930, 0.010248, 0.000000
0.086865, 0.043542, 0.000000
0.008805, 0.117655, 0.000000
0.011127, 0.043602, 0.000000
0.116967, 0.023129, 1.000000
0.003836, 0.119647, 0.000000
0.004635, 0.010876, 0.000000
0.079125, 0.042775, 0.000000
0.010995, 0.092839, 0.000000
0.097441, 0.019300, 0.000000
0.017646, 0.064987, 0.000000
0.028097, 0.060085, 0.000000
0.023474, 0.103418, 0.000000
0.034471, 0.079704, 0.000000
0.018984, 0.068946, 0.000000
0.086219, 0.003604, 0.000000
0.008624, 0.051630, 0.000000
0.098516, 0.033239, 0.000000
0.030551, 0.071738, 0.000000
0.075123, 0.023607, 0.000000
0.062346, 0.045609, 0.000000
0.027347, 0.012185, 0.000000
0.015013, 0.107909, 0.000000
0.060203, 0.070245, 0.000000
0.105406, 0.013694, 0.000000
0.112767, 0.010853, 0.000000
0.042573, 0.086977, 0.000000
0.009870, 0.033576, 0.000000
0.077133, 0.017674, 0.000000
0.025161, 0.078018, 0.000000
0.066096, 0.014097, 0.000000
0.065968, 0.013093, 0.000000
0.029848, 0.008472, 0.000000
0.026914, 0.041302, 0.000000
0.079961, 0.031781, 0.000000
0.010256, 0.080640, 0.000000
0.036975, 0.002237, 0.000000
0.022221, 0.027650, 0.000000
0.043330, 0.004835, 0.000000
0.091339, 0.010417, 0.000000
0.096951, 0.033340, 0.000000
0.064068, 0.046501, 0.000000
0.085532, 0.025060, 0.000000
0.025161, 0.033182, 0.000000
0.096533, 0.001051, 0.000000
0.028727, 0.022634, 0.000000
0.086358, 0.017676, 0.000000
0.094793, 0.015282, 0.000000
0.005045, 0.098668, 0.000000
0.005053, 0.010429, 0.000000
0.035443, 0.034962, 0.000000
0.010726, 0.040497, 0.000000
0.051034, 0.067289, 0.000000
0.027223, 0.009289, 0.000000
0.039401, 0.058486, 0.000000
0.075298, 0.018764, 0.000000
0.014861, 0.006622, 0.000000
0.012922, 0.048636, 0.000000
0.082021, 0.032185, 0.000000
0.050251, 0.003186, 0.000000
0.015696, 0.094471, 0.000000
0.016997, 0.054151, 0.000000
0.077060, 0.039955, 0.000000
0.000190, 0.079817, 0.000000
0.015301, 0.092786, 0.000000
0.072168, 0.022842, 0.000000
0.053885, 0.033688, 0.000000
0.028634, 0.014332, 0.000000
0.035592, 0.080720, 0.000000
0.076657, 0.029748, 0.000000
0.009091, 0.089966, 0.000000
0.117033, 0.016107, 0.000000
0.027283, 0.049938, 0.000000
0.087848, 0.016997, 0.000000
0.002531, 0.030663, 0.000000
0.029721, 0.027150, 0.000000
0.064549, 0.023983, 0.000000
0.070427, 0.015017, 0.000000
0.075756, 0.021185, 0.000000
0.052345, 0.010736, 0.000000
0.067217, 0.006306, 0.000000
0.020252, 0.059978, 0.000000
0.015997, 0.031622, 0.000000
0.055307, 0.002355, 0.000000
0.003238, 0.017598, 0.000000
0.038964, 0.024134, 0.000000
0.038119, 0.020647, 0.000000
0.065132, 0.039409, 0.000000
0.099648, 0.019957, 0.000000
0.066580, 0.048102, 0.000000
0.034739, 0.003656, 0.000000
0.027246, 0.009483, 0.000000
0.018298, 0.102815, 0.000000
0.055098, 0.041999, 0.000000
0.053717, 0.035713, 0.000000
0.094448, 0.007264, 0.000000
0.044390, 0.048533, 0.000000
0.033639, 0.041054, 0.000000
0.031284, 0.035411, 0.000000
0.020898, 0.017755, 0.000000
0.007361, 0.093400, 0.000000
0.062615, 0.060305, 0.000000
0.008987, 0.064509, 0.000000
0.003320, 0.060873, 0.000000
0.013614, 0.045665, 0.000000
0.014835, 0.030897, 0.000000
0.046222, 0.027420, 0.000000
0.020501, 0.057894, 0.000000
0.013202, 0.103986, 0.000000
0.072224, 0.052169, 0.000000
0.041410, 0.022473, 0.000000
0.011605, 0.009147, 0.000000
0.010812, 0.015910, 0.000000
0.085441, 0.011161, 0.000000
0.034477, 0.072502, 0.000000
0.046802, 0.058236, 0.000000
0.100162, 0.001060, 0.000000
0.045872, 0.012711, 0.000000
0.010999, 0.011357, 0.000000
0.027259, 0.056110, 0.000000
0.012104, 0.054742, 0.000000
0.027701, 0.042608, 0.000000
0.041751, 0.010630, 0.000000
0.018627, 0.040501, 0.000000
0.084852, 0.023704, 0.000000
0.064933, 0.016544, 0.000000
0.027817, 0.077437, 0.000000
0.040541, 0.040188, 0.000000
0.054158, 0.063401, 0.000000
0.007803, 0.076998, 0.000000
0.024281, 0.046053, 0.000000
0.010287, 0.030486, 0.000000
0.032598, 0.072122, 0.000000
0.093414, 0.005983, 0.000000
0.002635, 0.050188, 0.000000
0.027882, 0.009730, 0.000000
0.117989, 0.002311, 0.000000
0.072139, 0.009455, 0.000000
0.008685, 0.004798, 0.000000
0.011214, 0.104043, 0.000000
0.026843, 0.033520, 0.000000
0.096574, 0.034718, 0.000000
0.095714, 0.014754, 0.000000
0.013247, 0.015616, 0.000000
0.014124, 0.047041, 0.000000
0.012411, 0.117412, 0.000000
0.008909, 0.080167, 0.000000
0.348317, 0.696837, 7.000000
0.032496, 0.036267, 0.000000
0.008945, 0.035451, 0.000000
0.029393, 0.090406, 0.000000
0.103289, 0.002864, 0.000000
0.044713, 0.041884, 0.000000
0.039252, 0.024389, 0.000000
0.115567, 0.012210, 0.000000
0.008350, 0.015339, 0.000000
0.000345, 0.093436, 0.000000
0.036771, 0.083368, 0.000000
0.068148, 0.034289, 0.000000
0.015029, 0.013851, 0.000000
0.077292, 0.045707, 0.000000
0.119872, 0.012690, 0.000000
0.001574, 0.054609, 0.000000
0.096914, 0.012477, 0.000000
0.013739, 0.092595, 0.000000
0.055510, 0.031919, 0.000000
0.051280, 0.019376, 0.000000
0.021914, 0.090382, 0.000000
0.018435, 0.073848, 0.000000
0.036231, 0.038177, 0.000000
0.031160, 0.074069, 0.000000
0.007386, 0.054326, 0.000000
0.046278, 0.015466, 0.000000
0.014853, 0.047661, 0.000000
0.002543, 0.070786, 0.000000
0.044464, 0.000077, 0.000000
0.075818, 0.032163, 0.000000
0.063550, 0.059628, 0.000000
0.030089, 0.017295, 0.000000
0.095587, 0.030748, 0.000000
0.012226, 0.022017, 0.000000
0.053850, 0.056960, 0.000000
0.004682, 0.042415, 0.000000
0.009343, 0.118558, 0.000000
0.089051, 0.006877, 0.000000
0.090371, 0.022511, 0.000000
0.086896, 0.020890, 0.000000
0.022959, 0.017392, 0.000000
0.031263, 0.020386, 0.000000
0.076841, 0.024957, 0.000000
0.097747, 0.019766, 0.000000
0.081675, 0.013516, 0.000000
0.012063, 0.015449, 0.000000
0.027711, 0.083607, 0.000000
0.013698, 0.016882, 0.000000
0.019978, 0.085456, 0.000000
0.004709, 0.068052, 0.000000
0.014436, 0.048404, 0.000000
0.005351, 0.124522, 0.000000
0.048996, 0.041458, 0.000000
0.034487, 0.056927, 0.000000
0.033008, 0.036198, 0.000000
0.070507, 0.025773, 0.000000
0.056811, 0.025866, 0.000000
0.011853, 0.016450, 0.000000
0.016296, 0.044674, 0.000000
0.042642, 0.049935, 0.000000
0.037895, 0.075093, 0.000000
0.049050, 0.002034, 0.000000
0.044302, 0.040481, 0.000000
0.065524, 0.062184, 0.000000
0.056070, 0.059079, 0.000000
0.064959, 0.035353, 0.000000
0.002936, 0.074710, 0.000000
0.008095, 0.113353, 0.000000
0.071394, 0.048707, 0.000000
0.030761, 0.074508, 0.000000
0.092860, 0.016756, 0.000000
0.085191, 0.031221, 0.000000
0.011898, 0.042595, 0.000000
0.002591, 0.029608, 0.000000
0.011698, 0.085520, 0.000000
0.001608, 0.024039, 0.000000
0.043932, 0.069775, 0.000000
0.004632, 0.073725, 0.000000
0.008973, 0.079636, 0.000000
0.042469, 0.053619, 0.000000
0.029158, 0.101333, 0.000000
0.029501, 0.003620, 0.000000
0.028214, 0.020561, 0.000000
0.066319, 0.052009, 0.000000
0.024214, 0.070318, 0.000000
0.048580, 0.004523, 0.000000
0.006091, 0.010027, 0.000000
0.031616, 0.062743, 0.000000
0.067833, 0.041473, 0.000000
0.077871, 0.027353, 0.000000
0.031710, 0.067874, 0.000000
0.120241, 0.002941, 0.000000
0.097778, 0.011887, 0.000000
0.057042, 0.049321, 0.000000
0.000657, 0.008657, 0.000000
0.009542, 0.107494, 0.000000
0.038853, 0.011017, 0.000000
0.042455, 0.001513, 0.000000
0.005236, 0.016581, 0.000000
0.063400, 0.027365, 0.000000
0.035024, 0.067343, 0.000000
0.034855, 0.064766, 0.000000
0.039495, 0.000428, 0.000000
0.010520, 0.086330, 0.000000
0.008969, 0.104701, 0.000000
0.054131, 0.016084, 0.000000
0.050901, 0.059066, 0.000000
0.053651, 0.075844, 0.000000
0.029071, 0.098055, 0.000000
0.037021, 0.045804, 0.000000
0.036955, 0.021988, 0.000000
0.027116, 0.077829, 0.000000
0.042273, 0.017054, 0.000000
0.094254, 0.005752, 0.000000
0.050781, 0.053283, 0.000000
0.061567, 0.027971, 0.000000
0.041312, 0.064414, 0.000000
0.036926, 0.068390, 0.000000
0.036376, 0.026173, 0.000000
0.014888, 0.061640, 0.000000
0.092830, 0.027440, 0.000000
0.048840, 0.037145, 0.000000
0.064729, 0.005312, 0.000000
0.032465, 0.099794, 0.000000
0.003801, 0.129424, 0.000000
0.019251, 0.071312, 0.000000
0.049720, 0.031455, 0.000000
0.046982, 0.000443, 0.000000
0.010881, 0.031472, 0.000000
0.034587, 0.075697, 0.000000
0.022945, 0.045646, 0.000000
0.018643, 0.083112, 0.000000
0.069856, 0.059830, 0.000000
0.006971, 0.087271, 0.000000
0.104945, 0.011019, 0.000000
0.025968, 0.041938, 0.000000
0.016930, 0.089580, 0.000000
0.037112, 0.039288, 0.000000
0.066020, 0.031946, 0.000000
0.016666, 0.068300, 0.000000
0.020269, 0.101574, 0.000000
0.035710, 0.027960, 0.000000
0.034080, 0.087267, 0.000000
0.038874, 0.043126, 0.000000
0.009917, 0.071394, 0.000000
0.016636, 0.112826, 0.000000
0.079319, 0.027108, 0.000000
0.023148, 0.019916, 0.000000
0.033696, 0.047192, 0.000000
0.084102, 0.026135, 0.000000
0.077810, 0.051648, 0.000000
0.035871, 0.063195, 0.000000
0.008060, 0.031140, 0.000000
0.072282, 0.000604, 0.000000
0.002416, 0.039251, 0.000000
0.044089, 0.056821, 0.000000
0.082956, 0.025302, 0.000000
0.001545, 0.058360, 0.000000
0.044144, 0.022704, 0.000000
0.052228, 0.072175, 0.000000
0.001191, 0.051082, 0.000000
0.057246, 0.011030, 0.000000
0.037812, 0.060914, 0.000000
0.049060, 0.004373, 0.000000
0.101845, 0.000990, 0.000000
0.000633, 0.121088, 0.000000
0.018596, 0.001192, 0.000000
0.055854, 0.046522, 0.000000
0.014745, 0.003861, 0.000000
0.041309, 0.038116, 0.000000
0.087140, 0.029074, 0.000000
0.049623, 0.322997, 2.000000
0.050432, 0.019156, 0.000000
0.030318, 0.066999, 0.000000
0.006392, 0.117487, 0.000000
0.071016, 0.022035, 0.000000
0.119466, 0.008537, 0.000000
0.029508, 0.069935, 0.000000
0.011104, 0.043329, 0.000000
0.020840, 0.074996, 0.000000
0.035565, 0.024541, 0.000000
0.007061, 0.070548, 0.000000
0.043257, 0.011594, 0.000000
0.029465, 0.096851, 0.000000
0.006966, 0.070594, 0.000000
0.066112, 0.058336, 0.000000
0.004114, 0.128247, 0.000000
0.010149, 0.054922, 0.000000
0.050564, 0.002930, 0.000000
0.110364, 0.012271, 0.000000
0.122754, 0.009664, 0.000000
0.012386, 0.101429, 0.000000
0.024215, 0.017143, 0.000000
0.026575, 0.024033, 0.000000
0.003655, 0.008405, 0.000000
0.050415, 0.039589, 0.000000
0.120355, 0.010721, 0.000000
0.226236, 0.505690, 5.000000
0.005475, 0.122985, 0.000000
0.028825, 0.081985, 0.000000
0.025347, 0.097907, 0.000000
0.039682, 0.061454, 0.000000
0.020587, 0.028109, 0.000000
0.005037, 0.079753, 0.000000
0.086787, 0.045363, 0.000000
0.011577, 0.005235, 0.000000
0.000537, 0.109989, 0.000000
0.017699, 0.093250, 0.000000
0.082789, 0.012343, 0.000000
0.013143, 0.061038, 0.000000
0.081695, 0.031578, 0.000000
0.066012, 0.032229, 0.000000
0.049166, 0.064607, 0.000000
0.060560, 0.061356, 0.000000
0.020717, 0.021512, 0.000000
0.043092, 0.011516, 0.000000
0.063451, 0.040104, 0.000000
0.061524, 0.041188, 0.000000
0.079595, 0.015157, 0.000000
0.004228, 0.071200, 0.000000
0.055647, 0.060666, 0.000000
0.122108, 0.003226, 0.000000
0.000437, 0.116587, 0.000000
0.031109, 0.096174, 0.000000
0.085022, 0.033151, 0.000000
0.022508, 0.045262, 0.000000
0.019305, 0.002323, 0.000000
0.066755, 0.031765, 0.000000
0.061604, 0.039516, 0.000000
0.017499, 0.073098, 0.000000
0.018410, 0.089864, 0.000000
0.026428, 0.073477, 0.000000
0.038470, 0.055803, 0.000000
0.114777, 0.000262, 0.000000
0.054112, 0.000047, 0.000000
0.026880, 0.069800, 0.000000
0.039531, 0.056410, 0.000000
0.056142, 0.003743, 0.000000
0.050809, 0.007979, 0.000000
0.099919, 0.006450, 0.000000
0.007629, 0.006198, 0.000000
0.031531, 0.030304, 0.000000
0.041675, 0.051469, 0.000000
0.028583, 0.088533, 0.000000
0.052145, 0.004300, 0.000000
0.101290, 0.018626, 0.000000
0.063858, 0.002004, 0.000000
0.014309, 0.037597, 0.000000
0.007998, 0.117852, 0.000000
0.027229, 0.076785, 0.000000
0.006575, 0.030583, 0.000000
0.061245, 0.038145, 0.000000
0.017782, 0.081849, 0.000000
0.000761, 0.033095, 0.000000
0.088889, 0.032383, 0.000000
0.056190, 0.070374, 0.000000
0.078146, 0.032496, 0.000000
0.026436, 0.061586, 0.000000
0.073606, 0.026136, 0.000000
0.034109, 0.062800, 0.000000
0.025376, 0.011947, 0.000000
0.096562, 0.028327, 0.000000
0.027738, 0.088569, 0.000000
0.120437, 0.008891, 0.000000
0.006533, 0.077405, 0.000000
0.023018, 0.070731, 0.000000
0.065570, 0.033204, 0.000000
0.062548, 0.021052, 0.000000
0.075562, 0.046874, 0.000000
0.104037, 0.012472, 0.000000
0.021820, 0.029473, 0.000000
0.033705, 0.038459, 0.000000
0.026308, 0.040861, 0.000000
0.083343, 0.042532, 0.000000
0.002001, 0.093256, 0.000000
0.059079, 0.064229, 0.000000
0.056021, 0.007971, 0.000000
0.075671, 0.031447, 0.000000
0.036931, 0.052602, 0.000000
0.084535, 0.040885, 0.000000
0.080000, 0.035240, 0.000000
0.098748, 0.031488, 0.000000
0.020440, 0.069551, 0.000000
0.022029, 0.083974, 0.000000
0.019582, 0.046356, 0.000000
0.059988, 0.027617, 0.000000
0.011899, 0.006886, 0.000000
0.028139, 0.029954, 0.000000
0.077970, 0.048524, 0.000000
0.113462, 0.012324, 0.000000
0.015559, 0.017346, 0.000000
0.109077, 0.022256, 0.000000
0.058238, 0.064984, 0.000000
0.015776, 0.105429, 0.000000
0.007105, 0.072998, 0.000000
0.034194, 0.000075, 0.000000
0.041874, 0.010382, 0.000000
0.077386, 0.005696, 0.000000
0.053117, 0.051082, 0.000000
0.111234, 0.005101, 0.000000
0.099530, 0.026666, 0.000000
0.034448, 0.016872, 0.000000
0.007447, 0.065529, 0.000000
0.094030, 0.003765, 0.000000
0.007395, 0.120055, 0.000000
0.038304, 0.049312, 0.000000
0.003981, 0.049260, 0.000000
0.009020, 0.098364, 0.000000
0.049915, 0.071495, 0.000000
0.077944, 0.034127, 0.000000
0.110877, 0.022317, 0.000000
0.042279, 0.063107, 0.000000
0.032235, 0.093641, 0.000000
0.009258, 0.023320, 0.000000
0.036919, 0.070306, 0.000000
0.015533, 0.065449, 0.000000
0.080003, 0.032342, 0.000000
0.022562, 0.010440, 0.000000
0.027681, 0.024115, 0.000000
0.016639, 0.018498, 0.000000
0.024151, 0.018859, 0.000000
0.002933, 0.045216, 0.000000
0.003278, 0.018007, 0.000000
0.099037, 0.030861, 0.000000
0.111391, 0.001410, 0.000000
0.054243, 0.051643, 0.000000
0.045400, 0.069088, 0.000000
0.041920, 0.033698, 0.000000
0.108333, 0.002803, 0.000000
0.064433, 0.001006, 0.000000
0.013347, 0.055409, 0.000000
0.105834, 0.014893, 0.000000
0.003731, 0.053473, 0.000000
0.000476, 0.119518, 0.000000
0.026908, 0.059525, 0.000000
0.076499, 0.013467, 0.000000
0.053574, 0.058103, 0.000000
0.216871, 0.349458, 4.000000
0.043800, 0.009307, 0.000000
0.074770, 0.043663, 0.000000
0.022563, 0.036931, 0.000000
0.042659, 0.052216, 0.000000
0.072854, 0.049885, 0.000000
0.003731, 0.041417, 0.000000
0.000924, 0.020629, 0.000000
0.832643, 0.342419, 8.000000
0.015654, 0.037807, 0.000000
0.013295, 0.081193, 0.000000
0.051528, 0.009990, 0.000000
0.050442, 0.025396, 0.000000
0.083560, 0.008985, 0.000000
0.024125, 0.044822, 0.000000
0.012882, 0.022635, 0.000000
0.068371, 0.063013, 0.000000
0.025136, 0.083524, 0.000000
0.060677, 0.072094, 0.000000
0.051677, 0.014779, 0.000000
0.103062, 0.021812, 0.000000
0.012303, 0.074993, 0.000000
0.064659, 0.035940, 0.000000
0.019604, 0.032273, 0.000000
0.006318, 0.001355, 0.000000
0.064181, 0.063360, 0.000000
0.015818, 0.035034, 0.000000
0.100849, 0.003065, 0.000000
0.000614, 0.069773, 0.000000
0.034148, 0.098111, 0.000000
0.036310, 0.010223, 0.000000
0.095964, 0.030643, 0.000000
0.113249, 0.009690, 0.000000
0.046583, 0.074140, 0.000000
0.053257, 0.079663, 0.000000
0.028711, 0.040109, 0.000000
0.029060, 0.089297, 0.000000
0.046519, 0.048574, 0.000000
0.124254, 0.006781, 0.000000
0.048237, 0.045765, 0.000000
0.090342, 0.036256, 0.000000
0.028559, 0.017219, 0.000000
0.010514, 0.120702, 0.000000
0.109428, 0.011631, 0.000000
0.051289, 0.000004, 0.000000
0.030995, 0.011284, 0.000000
0.020797, 0.052749, 0.000000
0.051791, 0.074038, 0.000000
0.033897, 0.054883, 0.000000
0.000946, 0.115644, 0.000000
0.050320, 0.015486, 0.000000
0.011232, 0.098722, 0.000000
0.027518, 0.101252, 0.000000
0.028033, 0.068158, 0.000000
0.011649, 0.072947, 0.000000
0.017388, 0.083029, 0.000000
0.025710, 0.074303, 0.000000
0.014800, 0.062800, 0.000000
0.094870, 0.019374, 0.000000
0.048886, 0.043451, 0.000000
0.002730, 0.005013, 0.000000
0.053585, 0.062492, 0.000000
0.092139, 0.006510, 0.000000
0.048172, 0.042241, 0.000000
0.030586, 0.029683, 0.000000
0.048998, 0.038261, 0.000000
0.021421, 0.066381, 0.000000
0.014563, 0.008362, 0.000000
0.013442, 0.009961, 0.000000
0.042280, 0.086707, 0.000000
0.033499, 0.099557, 0.000000
0.062292, 0.051236, 0.000000
0.000236, 0.021116, 0.000000
0.005088, 0.067479, 0.000000
0.029072, 0.102358, 0.000000
0.007906, 0.103756, 0.000000
0.008421, 0.014578, 0.000000
0.020822, 0.014052, 0.000000
0.101227, 0.030459, 0.000000
0.007033, 0.048345, 0.000000
0.036724, 0.033412, 0.000000
0.017849, 0.028076, 0.000000
0.032101, 0.070164, 0.000000
0.013667, 0.012176, 0.000000
0.126903, 0.000766, 0.000000
0.064042, 0.056628, 0.000000
0.016551, 0.053696, 0.000000
0.094966, 0.012344, 0.000000
0.063699, 0.049529, 0.000000
0.017395, 0.053671, 0.000000
0.052480, 0.052300, 0.000000
0.020626, 0.035896, 0.000000
0.078812, 0.002050, 0.000000
0.054975, 0.041953, 0.000000
0.066015, 0.061266, 0.000000
0.059755, 0.072849, 0.000000
0.017245, 0.020404, 0.000000
0.013665, 0.109927, 0.000000
0.082093, 0.016171, 0.000000
0.004433, 0.097236, 0.000000
0.024741, 0.009300, 0.000000
0.032780, 0.069712, 0.000000
0.099781, 0.023578, 0.000000
0.039083, 0.033258, 0.000000
0.041405, 0.058169, 0.000000
0.066624, 0.030200, 0.000000
0.005207, 0.049285, 0.000000
0.105543, 0.012872, 0.000000
0.050145, 0.066020, 0.000000
0.030042, 0.017763, 0.000000
0.032678, 0.083862, 0.000000
0.039333, 0.086251, 0.000000
0.107829, 0.018465, 0.000000
0.034349, 0.059934, 0.000000
0.036738, 0.089796, 0.000000
0.038022, 0.013336, 0.000000
0.019483, 0.104892, 0.000000
0.088112, 0.028767, 0.000000
0.041237, 0.077747, 0.000000
0.006435, 0.094430, 0.000000
0.015915, 0.004280, 0.000000
0.005550, 0.079684, 0.000000
0.088280, 0.008695, 0.000000
0.102823, 0.006446, 0.000000
0.480436, 0.196841, 5.000000
0.032941, 0.005229, 0.000000
0.050047, 0.080839, 0.000000
0.029969, 0.076761, 0.000000
0.118806, 0.001291, 0.000000
0.072918, 0.039891, 0.000000
0.029593, 0.047022, 0.000000
0.033871, 0.065180, 0.000000
0.003510, 0.094701, 0.000000
0.057422, 0.069130, 0.000000
0.059719, 0.057286, 0.000000
0.003779, 0.078479, 0.000000
0.017691, 0.076309, 0.000000
0.015765, 0.110793, 0.000000
0.016137, 0.032121, 0.000000
0.047928, 0.041075, 0.000000
0.004539, 0.119105, 0.000000
0.013832, 0.081176, 0.000000
0.031202, 0.096268, 0.000000
0.025580, 0.068881, 0.000000
0.019422, 0.068242, 0.000000
0.066518, 0.003010, 0.000000
0.016699, 0.032837, 0.000000
0.079128, 0.039711, 0.000000
0.052333, 0.004818, 0.000000
0.085279, 0.020704, 0.000000
0.020991, 0.063831, 0.000000
0.047878, 0.058969, 0.000000
0.085467, 0.033984, 0.000000
0.093908, 0.014517, 0.000000
0.017873, 0.073635, 0.000000
0.060271, 0.061739, 0.000000
0.084242, 0.040917, 0.000000
0.094071, 0.006811, 0.000000
0.038069, 0.072784, 0.000000
0.009131, 0.124010, 0.000000
0.051218, 0.011823, 0.000000
0.050962, 0.007951, 0.000000
0.011382, 0.093643, 0.000000
0.013273, 0.089398, 0.000000
0.030995, 0.084577, 0.000000
0.005447, 0.038251, 0.000000
0.045179, 0.042009, 0.000000
0.015288, 0.037338, 0.000000
0.048246, 0.039013, 0.000000
0.049472, 0.062437, 0.000000
0.032053, 0.003588, 0.000000
0.067289, 0.019575, 0.000000
0.005153, 0.003283, 0.000000
0.105902, 0.012525, 0.000000
0.014985, 0.102824, 0.000000
0.047267, 0.057122, 0.000000
0.006470, 0.042821, 0.000000
0.050849, 0.035703, 0.000000
0.029211, 0.091613, 0.000000
0.062405, 0.064909, 0.000000
0.025547, 0.091760, 0.000000
0.052401, 0.044196, 0.000000
0.063575, 0.066687, 0.000000
0.021646, 0.090083, 0.000000
0.019910, 0.024945, 0.000000
0.095639, 0.023172, 0.000000
0.020452, 0.001838, 0.000000
0.024971, 0.098010, 0.000000
0.083889, 0.007174, 0.000000
0.055055, 0.066991, 0.000000
0.090342, 0.004525, 0.000000
0.002444, 0.009760, 0.000000
0.015573, 0.008722, 0.000000
0.101585, 0.030160, 0.000000
0.084314, 0.038366, 0.000000
0.016988, 0.069343, 0.000000
0.052863, 0.039210, 0.000000
0.071629, 0.055504, 0.000000
0.025548, 0.014928, 0.000000
0.113656, 0.005204, 0.000000
0.024879, 0.059924, 0.000000
0.013832, 0.020420, 0.000000
0.081740, 0.044052, 0.000000
0.012033, 0.086955, 0.000000
0.053254, 0.074533, 0.000000
0.009175, 0.117203, 0.000000
0.011933, 0.084156, 0.000000
0.044427, 0.062744, 0.000000
0.037844, 0.033364, 0.000000
0.009198, 0.036951, 0.000000
0.028668, 0.086972, 0.000000
0.060648, 0.055042, 0.000000
0.039281, 0.053343, 0.000000
0.012426, 0.058561, 0.000000
0.045450, 0.069048, 0.000000
0.050943, 0.003476, 0.000000
0.113936, 0.007277, 0.000000
0.010619, 0.052088, 0.000000
0.067286, 0.031389, 0.000000
0.103112, 0.004676, 0.000000
0.040608, 0.025700, 0.000000
0.069317, 0.062041, 0.000000
0.093708, 0.032505, 0.000000
0.074535, 0.019805, 0.000000
0.024868, 0.085978, 0.000000
0.825863, 0.404561, 9.000000
0.015246, 0.009684, 0.000000
0.002193, 0.024552, 0.000000
0.034751, 0.020346, 0.000000
0.082693, 0.036843, 0.000000
0.089560, 0.019307, 0.000000
0.050976, 0.050537, 0.000000
0.032998, 0.068766, 0.000000
0.073454, 0.051922, 0.000000
0.037939, 0.065267, 0.000000
0.065890, 0.033831, 0.000000
0.061913, 0.046716, 0.000000
0.006823, 0.039865, 0.000000
0.020693, 0.067727, 0.000000
0.061886, 0.001474, 0.000000
0.004146, 0.036045, 0.000000
0.036577, 0.038109, 0.000000
0.043468, 0.070189, 0.000000
0.017858, 0.042704, 0.000000
0.013455, 0.022009, 0.000000
0.014621, 0.105556, 0.000000
0.041738, 0.007845, 0.000000
0.009212, 0.035195, 0.000000
0.027581, 0.091308, 0.000000
0.026580, 0.051819, 0.000000
0.074215, 0.028943, 0.000000
0.004178, 0.109810, 0.000000
0.061814, 0.034187, 0.000000
0.019288, 0.073839, 0.000000
0.025180, 0.030209, 0.000000
0.017530, 0.028193, 0.000000
0.021160, 0.041791, 0.000000
0.032534, 0.089030, 0.000000
0.031580, 0.012346, 0.000000
0.089028, 0.042496, 0.000000
0.018822, 0.053230, 0.000000
0.028288, 0.053457, 0.000000
0.044141, 0.047763, 0.000000
0.010570, 0.063019, 0.000000
0.007089, 0.097233, 0.000000
0.041642, 0.078256, 0.000000
0.030032, 0.027866, 0.000000
0.011772, 0.078860, 0.000000
0.056249, 0.076624, 0.000000
0.038431, 0.011044, 0.000000
0.096882, 0.006883, 0.000000
0.011614, 0.054741, 0.000000
0.040641, 0.090042, 0.000000
0.018537, 0.036813, 0.000000
0.021347, 0.033532, 0.000000
0.011939, 0.016982, 0.000000
0.042514, 0.050218, 0.000000
0.072620, 0.022287, 0.000000
0.080150, 0.051376, 0.000000
0.020416, 0.073599, 0.000000
0.057796, 0.050898, 0.000000
0.041710, 0.090298, 0.000000
0.027413, 0.004780, 0.000000
0.066129, 0.035112, 0.000000
0.060335, 0.068334, 0.000000
0.015420, 0.078662, 0.000000
0.059515, 0.036754, 0.000000
0.002381, 0.063610, 0.000000
0.010707, 0.055236, 0.000000
0.003031, 0.094988, 0.000000
0.035225, 0.070454, 0.000000
0.053641, 0.034489, 0.000000
0.008865, 0.019146, 0.000000
0.041754, 0.036885, 0.000000
0.082518, 0.022479, 0.000000
0.033231, 0.076957, 0.000000
0.025816, 0.066148, 0.000000
0.042311, 0.064973, 0.000000
0.083075, 0.026837, 0.000000
0.031183, 0.077862, 0.000000
0.010710, 0.106501, 0.000000
0.014911, 0.081005, 0.000000
0.030329, 0.045005, 0.000000
0.000201, 0.101228, 0.000000
0.011187, 0.064906, 0.000000
0.077934, 0.003837, 0.000000
0.035273, 0.058722, 0.000000
0.042510, 0.013442, 0.000000
0.049318, 0.061359, 0.000000
0.062439, 0.014810, 0.000000
0.019734, 0.054164, 0.000000
0.071441, 0.039423, 0.000000
0.078598, 0.013505, 0.000000
0.089983, 0.011354, 0.000000
0.032269, 0.014382, 0.000000
0.054170, 0.069477, 0.000000
0.027077, 0.048142, 0.000000
0.007005, 0.043497, 0.000000
0.006484, 0.043224, 0.000000
0.000516, 0.084763, 0.000000
0.055394, 0.067474, 0.000000
0.041010, 0.008772, 0.000000
0.010021, 0.026419, 0.000000
0.012680, 0.046001, 0.000000
0.001565, 0.036971, 0.000000
0.024306, 0.074205, 0.000000
0.092592, 0.040558, 0.000000
0.021559, 0.002375, 0.000000
0.076388, 0.012030, 0.000000
0.041512, 0.082107, 0.000000
0.009795, 0.041103, 0.000000
0.013642, 0.030077, 0.000000
0.055691, 0.049679, 0.000000
0.039068, 0.082233, 0.000000
0.096439, 0.008896, 0.000000
0.009739, 0.051003, 0.000000
0.089316, 0.007083, 0.000000
0.000831, 0.107682, 0.000000
0.017428, 0.029047, 0.000000
0.109251, 0.020526, 0.000000
0.057855, 0.023862, 0.000000
0.077797, 0.002412, 0.000000
0.093753, 0.026219, 0.000000
0.046969, 0.080047, 0.000000
0.018141, 0.114545, 0.000000
0.036078, 0.014542, 0.000000
0.056459, 0.015051, 0.000000
0.015511, 0.047272, 0.000000
0.095366, 0.006572, 0.000000
0.019902, 0.029710, 0.000000
0.116267, 0.011195, 0.000000
0.018559, 0.102493, 0.000000
0.030809, 0.040665, 0.000000
0.032299, 0.046589, 0.000000
0.007365, 0.074244, 0.000000
0.010640, 0.061626, 0.000000
0.055528, 0.031620, 0.000000
0.006593, 0.011342, 0.000000
0.035135, 0.040042, 0.000000
0.036060, 0.088828, 0.000000
0.038986, 0.089577, 0.000000
0.022199, 0.106454, 0.000000
0.002551, 0.096747, 0.000000
0.000298, 0.007615, 0.000000
0.106413, 0.001266, 0.000000
0.103906, 0.016348, 0.000000
0.003992, 0.100956, 0.000000
0.051238, 0.081361, 0.000000
0.003907, 0.099861, 0.000000
0.024887, 0.075008, 0.000000
0.058811, 0.029485, 0.000000
0.077769, 0.048192, 0.000000
0.019468, 0.108336, 0.000000
0.058055, 0.052812, 0.000000
0.076740, 0.010704, 0.000000
0.093885, 0.015407, 0.000000
0.020741, 0.019695, 0.000000
0.019359, 0.068295, 0.000000
0.047902, 0.021868, 0.000000
0.016900, 0.034123, 0.000000
0.076527, 0.013312, 0.000000
0.019988, 0.007756, 0.000000
0.013069, 0.115048, 0.000000
0.000649, 0.117408, 0.000000
0.076999, 0.022069, 0.000000
0.041354, 0.018570, 0.000000
0.025696, 0.003476, 0.000000
0.091765, 0.005172, 0.000000
0.037066, 0.034857, 0.000000
0.115980, 0.003487, 0.000000
0.006449, 0.026979, 0.000000
0.089295, 0.025088, 0.000000
0.033791, 0.062803, 0.000000
0.030311, 0.017300, 0.000000
0.009268, 0.051771, 0.000000
0.089715, 0.002719, 0.000000
0.006211, 0.114288, 0.000000
0.021441, 0.106551, 0.000000
0.053410, 0.020772, 0.000000
0.025435, 0.057134, 0.000000
0.092677, 0.039214, 0.000000
0.020441, 0.103407, 0.000000
0.020238, 0.046580, 0.000000
0.006844, 0.125611, 0.000000
0.026824, 0.073442, 0.000000
0.076123, 0.021493, 0.000000
0.031862, 0.065046, 0.000000
0.043010, 0.088808, 0.000000
0.011929, 0.119197, 0.000000
0.028030, 0.016803, 0.000000
0.057790, 0.012450, 0.000000
0.083509, 0.049118, 0.000000
0.042418, 0.009302, 0.000000
0.016381, 0.063173, 0.000000
0.007585, 0.036128, 0.000000
0.048486, 0.084693, 0.000000
0.062680, 0.042157, 0.000000
0.099550, 0.027548, 0.000000
0.062717, 0.020966, 0.000000
0.014310, 0.102021, 0.000000
0.044003, 0.079796, 0.000000
0.047945, 0.030654, 0.000000
0.083710, 0.043961, 0.000000
0.006876, 0.083544, 0.000000
0.000565, 0.057950, 0.000000
0.033627, 0.061391, 0.000000
0.030829, 0.022567, 0.000000
0.107756, 0.009936, 0.000000
0.077924, 0.052549, 0.000000
0.014720, 0.031238, 0.000000
0.035876, 0.032735, 0.000000
0.110637, 0.001524, 0.000000
0.010276, 0.015499, 0.000000
0.028551, 0.030885, 0.000000
0.095941, 0.003397, 0.000000
0.024681, 0.098928, 0.000000
0.015224, 0.041002, 0.000000
0.067825, 0.020176, 0.000000
0.084687, 0.029990, 0.000000
0.093957, 0.019621, 0.000000
0.059826, 0.006958, 0.000000
0.051934, 0.007018, 0.000000
0.022157, 0.087449, 0.000000
0.013802, 0.071384, 0.000000
0.000209, 0.060700, 0.000000
0.013158, 0.019441, 0.000000
0.032820, 0.097165, 0.000000
0.095422, 0.018632, 0.000000
0.025636, 0.032693, 0.000000
0.042096, 0.027616, 0.000000
0.036243, 0.004951, 0.000000
0.002628, 0.024079, 0.000000
0.057360, 0.011456, 0.000000
0.109764, 0.011586, 0.000000
0.044757, 0.041234, 0.000000
0.003866, 0.086914, 0.000000
0.023610, 0.003573, 0.000000
0.106106, 0.013237, 0.000000
0.060181, 0.061361, 0.000000
0.044621, 0.025103, 0.000000
0.003400, 0.097224, 0.000000
0.032720, 0.062231, 0.000000
0.053025, 0.066194, 0.000000
0.024500, 0.013210, 0.000000
0.019578, 0.092711, 0.000000
0.016092, 0.023055, 0.000000
0.022798, 0.032568, 0.000000
0.048917, 0.008718, 0.000000
0.019106, 0.054091, 0.000000
0.076363, 0.016610, 0.000000
0.060004, 0.035757, 0.000000
0.117259, 0.004217, 0.000000
0.023451, 0.034560, 0.000000
0.046298, 0.035929, 0.000000
0.019124, 0.021423, 0.000000
0.055226, 0.048993, 0.000000
0.040650, 0.040675, 0.000000
0.065757, 0.055453, 0.000000
0.054588, 0.048550, 0.000000
0.096226, 0.016553, 0.000000
0.017151, 0.036111, 0.000000
0.005628, 0.070233, 0.000000
0.009465, 0.035271, 0.000000
0.011415, 0.056305, 0.000000
0.060308, 0.071481, 0.000000
0.000300, 0.087862, 0.000000
0.020723, 0.089415, 0.000000
0.015436, 0.087547, 0.000000
0.060693, 0.048081, 0.000000
0.081910, 0.009751, 0.000000
0.015049, 0.041479, 0.000000
0.020113, 0.018758, 0.000000
0.002616, 0.102297, 0.000000
0.093460, 0.014899, 0.000000
0.021828, 0.100479, 0.000000
0.054729, 0.055328, 0.000000
0.045781, 0.041965, 0.000000
0.094728, 0.020937, 0.000000
0.051853, 0.006014, 0.000000
0.044497, 0.053484, 0.000000
0.031675, 0.066316, 0.000000
0.010546, 0.036506, 0.000000
0.084711, 0.021142, 0.000000
0.044307, 0.043106, 0.000000
0.047791, 0.068095, 0.000000
0.085474, 0.009943, 0.000000
0.028486, 0.058906, 0.000000
0.011989, 0.099480, 0.000000
0.030687, 0.010772, 0.000000
0.064368, 0.060560, 0.000000
0.116150, 0.015697, 0.000000
0.052959, 0.293721, 2.000000
0.026313, 0.021559, 0.000000
0.020438, 0.096713, 0.000000
0.059304, 0.030624, 0.000000
0.038820, 0.070159, 0.000000
0.042650, 0.015674, 0.000000
0.008768, 0.088504, 0.000000
0.003695, 0.046579, 0.000000
0.051683, 0.028114, 0.000000
0.030720, 0.096508, 0.000000
0.003001, 0.121032, 0.000000
0.008755, 0.117651, 0.000000
0.057599, 0.074758, 0.000000
0.030972, 0.011052, 0.000000
0.078699, 0.041423, 0.000000
0.005383, 0.016285, 0.000000
0.043639, 0.035856, 0.000000
0.016678, 0.059531, 0.000000
0.074596, 0.024970, 0.000000
0.040967, 0.058388, 0.000000
0.067823, 0.042124, 0.000000
0.079597, 0.050918, 0.000000
0.063175, 0.018810, 0.000000
0.099433, 0.019524, 0.000000
0.115263, 0.013080, 0.000000
0.045952, 0.040500, 0.000000
0.077723, 0.024375, 0.000000
0.094859, 0.006161, 0.000000
0.030085, 0.015959, 0.000000
0.062858, 0.016843, 0.000000
0.047858, 0.066721, 0.000000
0.113374, 0.006631, 0.000000
0.011567, 0.011824, 0.000000
0.033249, 0.014548, 0.000000
0.027930, 0.102512, 0.000000
0.053517, 0.034836, 0.000000
0.021783, 0.099325, 0.000000
0.047393, 0.043111, 0.000000
0.003664, 0.105801, 0.000000
0.041540, 0.084946, 0.000000
0.028481, 0.055695, 0.000000
0.039547, 0.093138, 0.000000
0.058608, 0.052565, 0.000000
0.003608, 0.075895, 0.000000
0.105823, 0.014874, 0.000000
0.034970, 0.066923, 0.000000
0.036350, 0.067531, 0.000000
0.041344, 0.008546, 0.000000
0.010058, 0.104256, 0.000000
0.040831, 0.089664, 0.000000
0.005837, 0.042510, 0.000000
0.026417, 0.073110, 0.000000
0.009438, 0.014861, 0.000000
0.027325, 0.009987, 0.000000
0.039147, 0.043175, 0.000000
0.074474, 0.057423, 0.000000
0.087670, 0.018170, 0.000000
0.076000, 0.045078, 0.000000
0.103953, 0.014741, 0.000000
0.059698, 0.033563, 0.000000
0.001206, 0.035882, 0.000000
0.072784, 0.051251, 0.000000
0.088748, 0.033618, 0.000000
0.017075, 0.095093, 0.000000
0.001814, 0.009253, 0.000000
0.028785, 0.097381, 0.000000
0.091321, 0.034210, 0.000000
0.039041, 0.044419, 0.000000
0.060858, 0.026358, 0.000000
0.037294, 0.040723, 0.000000
0.081167, 0.050643, 0.000000
0.007325, 0.060368, 0.000000
0.035172, 0.039301, 0.000000
0.079323, 0.000249, 0.000000
0.038184, 0.044243, 0.000000
0.001504, 0.043677, 0.000000
0.043365, 0.061559, 0.000000
0.017597, 0.035720, 0.000000
0.124322, 0.001158, 0.000000
0.059051, 0.023294, 0.000000
0.011956, 0.107335, 0.000000
0.108501, 0.010990, 0.000000
0.044281, 0.052350, 0.000000
0.010805, 0.042940, 0.000000
0.002982, 0.009305, 0.000000
0.008411, 0.005067, 0.000000
0.042273, 0.079216, 0.000000
0.010986, 0.011025, 0.000000
0.032248, 0.047568, 0.000000
0.007954, 0.041065, 0.000000
0.058727, 0.043055, 0.000000
0.049657, 0.042911, 0.000000
0.073663, 0.004180, 0.000000
0.001470, 0.012057, 0.000000
0.005233, 0.122690, 0.000000
0.125945, 0.004448, 0.000000
0.010529, 0.084110, 0.000000
0.078465, 0.018421, 0.000000
0.083887, 0.012064, 0.000000
0.068454, 0.059773, 0.000000
0.027009, 0.051398, 0.000000
0.098814, 0.025169, 0.000000
0.088414, 0.029240, 0.000000
0.012867, 0.044294, 0.000000
0.080508, 0.020317, 0.000000
0.066016, 0.042274, 0.000000
0.002194, 0.120941, 0.000000
0.030641, 0.081679, 0.000000
0.014526, 0.064770, 0.000000
0.040870, 0.066664, 0.000000
0.109638, 0.021288, 0.000000
0.075465, 0.029028, 0.000000
0.066656, 0.000989, 0.000000
0.056839, 0.029518, 0.000000
0.053874, 0.027298, 0.000000
0.068549, 0.006979, 0.000000
0.023556, 0.057470, 0.000000
0.053722, 0.070775, 0.000000
0.016222, 0.047027, 0.000000
0.080804, 0.044235, 0.000000
0.058521, 0.073115, 0.000000
0.042879, 0.052830, 0.000000
0.028474, 0.007772, 0.000000
0.069894, 0.024461, 0.000000
0.035865, 0.032717, 0.000000
0.101057, 0.028502, 0.000000
0.039086, 0.023488, 0.000000
0.027453, 0.014680, 0.000000
0.029450, 0.070888, 0.000000
0.065560, 0.067619, 0.000000
0.092781, 0.023177, 0.000000
0.014605, 0.060039, 0.000000
0.078568, 0.003955, 0.000000
0.006847, 0.036259, 0.000000
0.001720, 0.100195, 0.000000
0.088917, 0.026692, 0.000000
0.076447, 0.042748, 0.000000
0.077251, 0.003434, 0.000000
0.032372, 0.083322, 0.000000
0.081688, 0.032065, 0.000000
0.063591, 0.044307, 0.000000
0.013345, 0.114133, 0.000000
0.033985, 0.065594, 0.000000
0.048171, 0.022674, 0.000000
0.014710, 0.009591, 0.000000
0.016908, 0.092902, 0.000000
0.000304, 0.108421, 0.000000
0.052740, 0.039965, 0.000000
0.020109, 0.010926, 0.000000
0.082888, 0.014193, 0.000000
0.013627, 0.017650, 0.000000
0.015094, 0.102380, 0.000000
0.071572, 0.017231, 0.000000
0.017318, 0.100119, 0.000000
0.018078, 0.094667, 0.000000
0.001628, 0.015927, 0.000000
0.017795, 0.114951, 0.000000
0.049510, 0.077247, 0.000000
0.063094, 0.001502, 0.000000
0.020236, 0.020678, 0.000000
0.063607, 0.040741, 0.000000
0.059149, 0.006190, 0.000000
0.012496, 0.078234, 0.000000
0.059154, 0.030778, 0.000000
0.088640, 0.028369, 0.000000
0.049101, 0.028354, 0.000000
0.003104, 0.055011, 0.000000
0.048262, 0.024637, 0.000000
0.019700, 0.094672, 0.000000
0.059444, 0.046107, 0.000000
0.078917, 0.042244, 0.000000
0.067697, 0.064441, 0.000000
0.006267, 0.054309, 0.000000
0.026232, 0.077071, 0.000000
0.103623, 0.010914, 0.000000
0.046615, 0.076461, 0.000000
0.029416, 0.102089, 0.000000
0.000836, 0.086782, 0.000000
0.026840, 0.008089, 0.000000
0.126154, 0.003444, 0.000000
0.013508, 0.010790, 0.000000
0.054936, 0.021066, 0.000000
0.056022, 0.054333, 0.000000
0.102410, 0.023896, 0.000000
0.017633, 0.064944, 0.000000
0.024241, 0.070073, 0.000000
0.078548, 0.021434, 0.000000
0.010941, 0.100242, 0.000000
0.035906, 0.016537, 0.000000
0.011380, 0.074265, 0.000000
0.002451, 0.031375, 0.000000
0.089184, 0.022807, 0.000000
0.010012, 0.083999, 0.000000
0.111510, 0.001002, 0.000000
0.055231, 0.072972, 0.000000
0.037939, 0.051241, 0.000000
0.049829, 0.039673, 0.000000
0.027564, 0.065050, 0.000000
0.011242, 0.069704, 0.000000
0.060859, 0.024740, 0.000000
0.010625, 0.007701, 0.000000
0.043161, 0.082658, 0.000000
0.043410, 0.042044, 0.000000
0.012366, 0.012642, 0.000000
0.011205, 0.116640, 0.000000
0.002859, 0.101062, 0.000000
0.017368, 0.052687, 0.000000
0.009780, 0.005261, 0.000000
0.017644, 0.100368, 0.000000
0.057207, 0.056502, 0.000000
0.028128, 0.005106, 0.000000
0.010706, 0.035590, 0.000000
0.021616, 0.044876, 0.000000
0.023629, 0.078647, 0.000000
0.076625, 0.023020, 0.000000
0.031887, 0.040465, 0.000000
0.077272, 0.020601, 0.000000
0.004778, 0.013396, 0.000000
0.034200, 0.073293, 0.000000
0.078090, 0.030091, 0.000000
0.003919, 0.104614, 0.000000
0.062692, 0.039738, 0.000000
0.082400, 0.046885, 0.000000
0.002725, 0.073415, 0.000000
0.006445, 0.090580, 0.000000
0.093311, 0.031592, 0.000000
0.076289, 0.028349, 0.000000
0.001299, 0.055480, 0.000000
0.105002, 0.001597, 0.000000
0.033148, 0.070916, 0.000000
0.042214, 0.019811, 0.000000
0.003700, 0.113138, 0.000000
0.040252, 0.000304, 0.000000
0.068177, 0.008418, 0.000000
0.057021, 0.069477, 0.000000
0.002521, 0.092983, 0.000000
0.072640, 0.022664, 0.000000
0.023599, 0.023283, 0.000000
0.032430, 0.037973, 0.000000
0.097751, 0.006320, 0.000000
0.096381, 0.017696, 0.000000
0.038187, 0.024140, 0.000000
0.057789, 0.074541, 0.000000
0.022388, 0.060293, 0.000000
0.009837, 0.085524, 0.000000
0.018307, 0.080576, 0.000000
0.097241, 0.011455, 0.000000
0.003762, 0.117333, 0.000000
0.024500, 0.014159, 0.000000
0.023743, 0.070534, 0.000000
0.098792, 0.013756, 0.000000
0.032596, 0.046660, 0.000000
0.088383, 0.033638, 0.000000
0.094815, 0.022861, 0.000000
0.101488, 0.028212, 0.000000
0.029745, 0.065997, 0.000000
0.026037, 0.083930, 0.000000
0.014894, 0.105778, 0.000000
0.072996, 0.003829, 0.000000
0.015161, 0.078025, 0.000000
0.029752, 0.074351, 0.000000
0.006545, 0.018522, 0.000000
0.025098, 0.019140, 0.000000
0.069121, 0.015703, 0.000000
0.005075, 0.027839, 0.000000
0.026429, 0.009607, 0.000000
0.079981, 0.048210, 0.000000
0.058640, 0.039885, 0.000000
0.009729, 0.099474, 0.000000
0.060430, 0.026195, 0.000000
0.003207, 0.011048, 0.000000
0.084791, 0.017780, 0.000000
0.030552, 0.095934, 0.000000
0.063108, 0.052212, 0.000000
0.048748, 0.033088, 0.000000
0.015981, 0.018301, 0.000000
0.022380, 0.081552, 0.000000
0.085948, 0.039733, 0.000000
0.015873, 0.057549, 0.000000
0.004351, 0.045916, 0.000000
0.040494, 0.051410, 0.000000
0.015626, 0.108636, 0.000000
0.032053, 0.031620, 0.000000
0.092101, 0.006919, 0.000000
0.043231, 0.017127, 0.000000
0.046310, 0.027970, 0.000000
0.019454, 0.046228, 0.000000
0.070349, 0.059674, 0.000000
0.026306, 0.071235, 0.000000
0.033142, 0.001691, 0.000000
0.091803, 0.001433, 0.000000
0.038094, 0.088455, 0.000000
0.000018, 0.042085, 0.000000
0.011306, 0.007061, 0.000000
0.068524, 0.028267, 0.000000
0.005810, 0.051858, 0.000000
0.033564, 0.003718, 0.000000
0.012200, 0.023311, 0.000000
0.008579, 0.050753, 0.000000
0.031708, 0.006099, 0.000000
0.071635, 0.002846, 0.000000
0.010148, 0.075232, 0.000000
0.065886, 0.056620, 0.000000
0.090775, 0.037962, 0.000000
0.048641, 0.078671, 0.000000
0.035351, 0.082062, 0.000000
0.102703, 0.025563, 0.000000
0.047777, 0.060717, 0.000000
0.020919, 0.109641, 0.000000
0.084365, 0.038185, 0.000000
0.030901, 0.004800, 0.000000
0.111752, 0.011088, 0.000000
0.063600, 0.008880, 0.000000
0.037966, 0.094791, 0.000000
0.104040, 0.002674, 0.000000
0.028275, 0.002028, 0.000000
0.037136, 0.055674, 0.000000
0.085616, 0.035638, 0.000000
0.069263, 0.032800, 0.000000
0.077546, 0.044251, 0.000000
0.002433, 0.063229, 0.000000
0.130632, 0.001623, 0.000000
0.039357, 0.061974, 0.000000
0.010520, 0.049853, 0.000000
0.041318, 0.045108, 0.000000
0.107043, 0.020516, 0.000000
0.038525, 0.048746, 0.000000
0.024397, 0.080840, 0.000000
0.053411, 0.019663, 0.000000
0.014128, 0.081314, 0.000000
0.014806, 0.017175, 0.000000
0.083037, 0.029802, 0.000000
0.115579, 0.006778, 0.000000
0.387143, 0.867744, 9.000000
0.035532, 0.047221, 0.000000
0.049545, 0.052525, 0.000000
0.022760, 0.093093, 0.000000
0.004694, 0.113991, 0.000000
0.051163, 0.028981, 0.000000
0.003632, 0.079038, 0.000000
0.077207, 0.016254, 0.000000
0.106415, 0.011025, 0.000000
0.010778, 0.021486, 0.000000
0.001068, 0.014416, 0.000000
0.005977, 0.016669, 0.000000
0.093116, 0.010701, 0.000000
0.095594, 0.018503, 0.000000
0.088419, 0.024643, 0.000000
0.030421, 0.057218, 0.000000
0.048292, 0.001475, 0.000000
0.040002, 0.044979, 0.000000
0.011964, 0.027340, 0.000000
0.115264, 0.001858, 0.000000
0.020845, 0.052444, 0.000000
0.093154, 0.016455, 0.000000
0.041268, 0.082969, 0.000000
0.107546, 0.010990, 0.000000
0.071425, 0.047433, 0.000000
0.015420, 0.053803, 0.000000
0.110017, 0.009995, 0.000000
0.025551, 0.093603, 0.000000
0.048158, 0.025498, 0.000000
0.015978, 0.079559, 0.000000
0.023668, 0.090283, 0.000000
0.060054, 0.068381, 0.000000
0.077976, 0.002769, 0.000000
0.087962, 0.025612, 0.000000
0.062470, 0.038792, 0.000000
0.095352, 0.033888, 0.000000
0.126586, 0.000948, 0.000000
0.053263, 0.053062, 0.000000
0.000384, 0.108102, 0.000000
0.056314, 0.063261, 0.000000
0.090720, 0.008736, 0.000000
0.012790, 0.035343, 0.000000
0.099448, 0.026115, 0.000000
0.000232, 0.085041, 0.000000
0.087338, 0.000659, 0.000000
0.007532, 0.110750, 0.000000
0.072225, 0.049476, 0.000000
0.002161, 0.123621, 0.000000
0.037851, 0.091919, 0.000000
0.020470, 0.087887, 0.000000
0.030963, 0.082328, 0.000000
0.017835, 0.091698, 0.000000
0.000755, 0.100407, 0.000000
0.014543, 0.047346, 0.000000
0.058368, 0.021732, 0.000000
0.013830, 0.092744, 0.000000
0.043998, 0.047925, 0.000000
0.016797, 0.049456, 0.000000
0.077750, 0.029441, 0.000000
0.049532, 0.071941, 0.000000
0.043383, 0.057697, 0.000000
0.009191, 0.036661, 0.000000
0.009390, 0.069555, 0.000000
0.116242, 0.011616, 0.000000
0.021150, 0.057552, 0.000000
0.071101, 0.040612, 0.000000
0.058265, 0.034467, 0.000000
0.061559, 0.059665, 0.000000
0.002411, 0.120082, 0.000000
0.012774, 0.008698, 0.000000
0.030770, 0.100158, 0.000000
0.062118, 0.047267, 0.000000
0.003851, 0.063195, 0.000000
0.044275, 0.021199, 0.000000
0.063496, 0.026125, 0.000000
0.012303, 0.036936, 0.000000
0.062202, 0.052834, 0.000000
0.039481, 0.011624, 0.000000
0.105205, 0.002540, 0.000000
0.019617, 0.074121, 0.000000
0.071245, 0.022732, 0.000000
0.015171, 0.058558, 0.000000
0.085563, 0.011299, 0.000000
0.029652, 0.054831, 0.000000
0.029706, 0.076046, 0.000000
0.000218, 0.003297, 0.000000
0.068859, 0.036626, 0.000000
0.003649, 0.010787, 0.000000
0.023214, 0.085194, 0.000000
0.085686, 0.020052, 0.000000
0.002473, 0.039864, 0.000000
0.017713, 0.015115, 0.000000
0.039790, 0.032907, 0.000000
0.079511, 0.021673, 0.000000
0.008568, 0.087373, 0.000000
0.000695, 0.130005, 0.000000
0.130556, 0.000851, 0.000000
0.043120, 0.010044, 0.000000
0.021943, 0.035489, 0.000000
0.029207, 0.002209, 0.000000
0.053823, 0.026685, 0.000000
0.019790, 0.064244, 0.000000
0.048883, 0.060407, 0.000000
0.012340, 0.029431, 0.000000
0.031324, 0.055149, 0.000000
0.420044, 0.180843, 4.000000
0.030734, 0.059819, 0.000000
0.000571, 0.021048, 0.000000
0.114519, 0.017205, 0.000000
0.021515, 0.064754, 0.000000
0.094297, 0.025838, 0.000000
0.039569, 0.070739, 0.000000
0.030931, 0.099880, 0.000000
0.075833, 0.049390, 0.000000
0.034598, 0.067440, 0.000000
0.087393, 0.010807, 0.000000
0.099175, 0.027802, 0.000000
0.011397, 0.087815, 0.000000
0.054856, 0.025004, 0.000000
0.026540, 0.050590, 0.000000
0.098597, 0.000346, 0.000000
0.039096, 0.033567, 0.000000
0.001130, 0.038770, 0.000000
0.040084, 0.031502, 0.000000
0.029409, 0.092752, 0.000000
0.085536, 0.022410, 0.000000
0.032621, 0.083868, 0.000000
0.028597, 0.043476, 0.000000
0.044173, 0.065642, 0.000000
0.037078, 0.010710, 0.000000
0.004141, 0.105357, 0.000000
0.031319, 0.064005, 0.000000
0.104704, 0.022709, 0.000000
0.068444, 0.064060, 0.000000
0.043624, 0.077208, 0.000000
0.027229, 0.049305, 0.000000
0.043924, 0.039063, 0.000000
0.041517, 0.085804, 0.000000
0.062427, 0.013468, 0.000000
0.066687, 0.023112, 0.000000
0.011126, 0.021317, 0.000000
0.065131, 0.052158, 0.000000
0.034222, 0.094364, 0.000000
0.067389, 0.036679, 0.000000
0.011893, 0.089491, 0.000000
0.038049, 0.036209, 0.000000
0.086363, 0.026967, 0.000000
0.056448, 0.018647, 0.000000
0.040286, 0.041601, 0.000000
0.049414, 0.051141, 0.000000
0.043385, 0.007653, 0.000000
0.063696, 0.021250, 0.000000
0.006198, 0.088959, 0.000000
0.090542, 0.033508, 0.000000
0.022459, 0.000248, 0.000000
0.078616, 0.037403, 0.000000
0.062984, 0.035449, 0.000000
0.111149, 0.006289, 0.000000
0.022718, 0.019586, 0.000000
0.046788, 0.074869, 0.000000
0.048997, 0.013196, 0.000000
0.034042, 0.019279, 0.000000
0.031254, 0.050208, 0.000000
0.051498, 0.029573, 0.000000
0.080328, 0.027842, 0.000000
0.064334, 0.005636, 0.000000
0.062907, 0.053507, 0.000000
0.024088, 0.096469, 0.000000
0.117301, 0.004226, 0.000000
0.087490, 0.029411, 0.000000
0.008385, 0.098830, 0.000000
0.081047, 0.005733, 0.000000
0.017120, 0.066745, 0.000000
0.045120, 0.067789, 0.000000
0.067215, 0.040957, 0.000000
0.006950, 0.123251, 0.000000
0.017637, 0.077555, 0.000000
0.081989, 0.029517, 0.000000
0.030013, 0.016272, 0.000000
0.129379, 0.002684, 0.000000
0.089321, 0.042148, 0.000000
0.033162, 0.085769, 0.000000
0.026106, 0.056928, 0.000000
0.001530, 0.072500, 0.000000
0.050347, 0.053383, 0.000000
0.056553, 0.024750, 0.000000
0.043631, 0.077246, 0.000000
0.031758, 0.086005, 0.000000
0.064675, 0.006090, 0.000000
0.052684, 0.036274, 0.000000
0.024830, 0.054151, 0.000000
0.109079, 0.010468, 0.000000
0.019177, 0.011427, 0.000000
0.011684, 0.016016, 0.000000
0.039596, 0.024974, 0.000000
0.031192, 0.060790, 0.000000
0.076106, 0.056971, 0.000000
0.079527, 0.016996, 0.000000
0.064174, 0.046104, 0.000000
0.021542, 0.099530, 0.000000
0.083585, 0.008680, 0.000000
0.065529, 0.025171, 0.000000
0.076872, 0.040404, 0.000000
0.035036, 0.070777, 0.000000
0.065687, 0.052040, 0.000000
0.026042, 0.014676, 0.000000
0.041799, 0.071583, 0.000000
0.084725, 0.031935, 0.000000
0.008183, 0.009515, 0.000000
0.007887, 0.096030, 0.000000
0.065752, 0.002077, 0.000000
0.014513, 0.063538, 0.000000
0.060297, 0.045687, 0.000000
0.006963, 0.025650, 0.000000
0.080261, 0.046963, 0.000000
0.029248, 0.054164, 0.000000
0.036464, 0.053955, 0.000000
0.053373, 0.070040, 0.000000
0.065403, 0.006044, 0.000000
0.067266, 0.033650, 0.000000
0.035907, 0.015829, 0.000000
0.060092, 0.040988, 0.000000
0.046446, 0.039671, 0.000000
0.009324, 0.021054, 0.000000
0.041100, 0.050615, 0.000000
0.019846, 0.085502, 0.000000
0.028198, 0.017673, 0.000000
0.022600, 0.028573, 0.000000
0.090196, 0.036610, 0.000000
0.080266, 0.003756, 0.000000
0.035291, 0.044747, 0.000000
0.014295, 0.017301, 0.000000
0.013075, 0.011494, 0.000000
0.077170, 0.043987, 0.000000
0.025184, 0.086031, 0.000000
0.023978, 0.062001, 0.000000
0.107484, 0.024254, 0.000000
0.045684, 0.049134, 0.000000
0.275317, 0.016579, 2.000000
0.021572, 0.070655, 0.000000
0.013454, 0.113520, 0.000000
0.095754, 0.009824, 0.000000
0.057062, 0.015229, 0.000000
0.108012, 0.003601, 0.000000
0.010838, 0.091574, 0.000000
0.001466, 0.099695, 0.000000
0.018547, 0.104075, 0.000000
0.030877, 0.032102, 0.000000
0.092896, 0.028478, 0.000000
0.089163, 0.034863, 0.000000
0.067574, 0.043899, 0.000000
0.002178, 0.022810, 0.000000
0.023076, 0.008744, 0.000000
0.027369, 0.049373, 0.000000
0.018712, 0.090052, 0.000000
0.125971, 0.003097, 0.000000
0.102641, 0.016588, 0.000000
0.030059, 0.072540, 0.000000
0.024556, 0.094266, 0.000000
0.008293, 0.113823, 0.000000
0.063604, 0.037054, 0.000000
0.033974, 0.008989, 0.000000
0.026315, 0.098915, 0.000000
0.077176, 0.014458, 0.000000
0.049347, 0.015598, 0.000000
0.059171, 0.029853, 0.000000
0.037089, 0.008924, 0.000000
0.016605, 0.073350, 0.000000
0.059099, 0.013937, 0.000000
0.059961, 0.001382, 0.000000
0.017988, 0.045172, 0.000000
0.013807, 0.098248, 0.000000
0.040835, 0.059947, 0.000000
0.012307, 0.086848, 0.000000
0.056127, 0.042944, 0.000000
0.081802, 0.028345, 0.000000
0.036467, 0.013418, 0.000000
0.009906, 0.092581, 0.000000
0.007191, 0.064583, 0.000000
0.094764, 0.000837, 0.000000
0.020522, 0.051777, 0.000000
0.071740, 0.010525, 0.000000
0.039961, 0.018036, 0.000000
0.083588, 0.024225, 0.000000
0.063176, 0.030679, 0.000000
0.032149, 0.052081, 0.000000
0.039118, 0.052485, 0.000000
0.008642, 0.123288, 0.000000
0.131808, 0.000319, 0.000000
0.094632, 0.022485, 0.000000
0.023083, 0.021371, 0.000000
0.014779, 0.026711, 0.000000
0.126269, 0.006980, 0.000000
0.037832, 0.084609, 0.000000
0.036406, 0.010997, 0.000000
0.059379, 0.071041, 0.000000
0.036920, 0.002871, 0.000000
0.004858, 0.076785, 0.000000
0.029862, 0.013659, 0.000000
0.059670, 0.060148, 0.000000
0.083277, 0.018151, 0.000000
0.023594, 0.103116, 0.000000
0.019589, 0.017917, 0.000000
0.050384, 0.057193, 0.000000
0.099010, 0.018423, 0.000000
0.049751, 0.027603, 0.000000
0.029723, 0.017041, 0.000000
0.055074, 0.035626, 0.000000
0.061230, 0.044099, 0.000000
0.055524, 0.008356, 0.000000
0.030250, 0.007877, 0.000000
0.021744, 0.059971, 0.000000
0.109721, 0.019242, 0.000000
0.026770, 0.021313, 0.000000
0.054279, 0.018235, 0.000000
0.054248, 0.003336, 0.000000
0.050352, 0.025760, 0.000000
0.028198, 0.058987, 0.000000
0.015510, 0.111137, 0.000000
0.015927, 0.021348, 0.000000
0.040383, 0.053684, 0.000000
0.009430, 0.089884, 0.000000
0.025288, 0.104859, 0.000000
0.078855, 0.039673, 0.000000
0.014672, 0.063977, 0.000000
0.021406, 0.052708, 0.000000
0.082175, 0.000534, 0.000000
0.045772, 0.041426, 0.000000
0.043625, 0.055776, 0.000000
0.015954, 0.083704, 0.000000
0.058837, 0.014467, 0.000000
0.123556, 0.002569, 0.000000
0.014893, 0.033756, 0.000000
0.020608, 0.032004, 0.000000
0.014543, 0.085261, 0.000000
0.074466, 0.035697, 0.000000
0.099789, 0.005172, 0.000000
0.051675, 0.032321, 0.000000
0.057194, 0.020928, 0.000000
0.072124, 0.019250, 0.000000
0.033628, 0.001905, 0.000000
0.080170, 0.011704, 0.000000
0.090888, 0.014193, 0.000000
0.078951, 0.014790, 0.000000
0.005426, 0.026161, 0.000000
0.100832, 0.012769, 0.000000
0.006725, 0.114090, 0.000000
0.095820, 0.032844, 0.000000
0.070990, 0.016799, 0.000000
0.118053, 0.001818, 0.000000
0.028249, 0.070958, 0.000000
0.020672, 0.063844, 0.000000
0.058912, 0.034593, 0.000000
0.000594, 0.057229, 0.000000
0.030005, 0.078251, 0.000000
0.003982, 0.110092, 0.000000
0.050790, 0.059624, 0.000000
0.028669, 0.080078, 0.000000
0.049087, 0.068393, 0.000000
0.000870, 0.064154, 0.000000
0.005966, 0.087599, 0.000000
0.011829, 0.057939, 0.000000
0.053404, 0.037961, 0.000000
0.010408, 0.105790, 0.000000
0.093170, 0.012385, 0.000000
0.025497, 0.095158, 0.000000
0.032990, 0.045442, 0.000000
0.086760, 0.000108, 0.000000
0.026396, 0.019628, 0.000000
0.077758, 0.004218, 0.000000
0.007140, 0.017881, 0.000000
0.016702, 0.024916, 0.000000
0.069830, 0.010499, 0.000000
0.059209, 0.034386, 0.000000
0.008786, 0.024800, 0.000000
0.028790, 0.049619, 0.000000
0.022966, 0.067759, 0.000000
0.043582, 0.070866, 0.000000
0.049518, 0.004676, 0.000000
0.070880, 0.025702, 0.000000
0.007232, 0.017678, 0.000000
0.003958, 0.040014, 0.000000
0.008256, 0.072174, 0.000000
0.029587, 0.101131, 0.000000
0.038360, 0.034454, 0.000000
0.072489, 0.020357, 0.000000
0.040255, 0.033017, 0.000000
0.012242, 0.033659, 0.000000
0.007659, 0.103494, 0.000000
0.055706, 0.041832, 0.000000
0.092053, 0.041193, 0.000000
0.032431, 0.026282, 0.000000
0.022089, 0.052294, 0.000000
0.092420, 0.000916, 0.000000
0.057326, 0.061180, 0.000000
0.036239, 0.023668, 0.000000
0.026199, 0.023947, 0.000000
0.041270, 0.059454, 0.000000
0.072681, 0.028464, 0.000000
0.010178, 0.046332, 0.000000
0.097153, 0.010855, 0.000000
0.024808, 0.078657, 0.000000
0.116987, 0.007205, 0.000000
0.023036, 0.070297, 0.000000
0.078997, 0.021615, 0.000000
0.069378, 0.012637, 0.000000
0.059791, 0.012675, 0.000000
0.039752, 0.056858, 0.000000
0.018112, 0.075359, 0.000000
0.021775, 0.061995, 0.000000
0.044554, 0.053280, 0.000000
0.022212, 0.066417, 0.000000
0.021563, 0.066485, 0.000000
0.059823, 0.063962, 0.000000
0.026055, 0.082128, 0.000000
0.058396, 0.041219, 0.000000
0.117469, 0.008127, 0.000000
0.039673, 0.007336, 0.000000
0.020162, 0.031424, 0.000000
0.010365, 0.110573, 0.000000
0.030251, 0.032432, 0.000000
0.017349, 0.061855, 0.000000
0.032583, 0.062565, 0.000000
0.011363, 0.090043, 0.000000
0.003930, 0.043944, 0.000000
0.060212, 0.009279, 0.000000
0.018832, 0.014478, 0.000000
